vpvv 20 3 2 0 20
vpvv 21 3 4 0 21
vpvv 22 5 2 0 22
vpvv 23 5 4 0 23
vpvv 38 4 3 2 38
vpvv 39 4 6 2 39
vpvv 40 5 3 2 40
vpvv 41 5 6 2 41
vpvv 42 7 3 2 42
vpvv 43 7 6 2 43
vpvv 44 8 3 2 44
vpvv 45 8 6 2 45
vpvv 60 3 2 4 60
vpvv 61 3 4 4 61
vpvv 62 5 2 4 62
vpvv 63 5 4 4 63
vpvv 69 3 2 6 69
vpvv 70 4 2 6 70
vpvv 71 5 2 6 71
vpvv 72 6 2 6 72
vpvv 73 7 2 6 73
vpvv 142 7 5 8 142
vpvv 143 7 6 8 143
vpvv 144 7 10 8 144
vpvv 145 7 14 8 145
vpvv 146 8 5 8 146
vpvv 147 8 6 8 147
vpvv 148 8 10 8 148
vpvv 149 8 14 8 149
vpvv 150 9 5 8 150
vpvv 151 9 6 8 151
vpvv 152 9 10 8 152
vpvv 153 9 14 8 153
vpvv 154 11 5 8 154
vpvv 155 11 6 8 155
vpvv 156 11 10 8 156
vpvv 157 11 14 8 157
vpvv 158 12 5 8 158
vpvv 159 12 6 8 159
vpvv 160 12 10 8 160
vpvv 161 12 14 8 161
vpvv 162 13 5 8 162
vpvv 163 13 6 8 163
vpvv 164 13 10 8 164
vpvv 165 13 14 8 165
vpvv 166 15 5 8 166
vpvv 167 15 6 8 167
vpvv 168 15 10 8 168
vpvv 169 15 14 8 169
vpvv 170 16 5 8 170
vpvv 171 16 6 8 171
vpvv 172 16 10 8 172
vpvv 173 16 14 8 173
vpvv 174 17 5 8 174
vpvv 175 17 6 8 175
vpvv 176 17 10 8 176
vpvv 177 17 14 8 177
vpvv 178 18 5 8 178
vpvv 179 18 6 8 179
vpvv 180 18 10 8 180
vpvv 181 18 14 8 181
vpvv 187 3 2 10 187
vpvv 188 4 2 10 188
vpvv 189 5 2 10 189
vpvv 190 6 2 10 190
vpvv 191 7 2 10 191
vpvv 218 4 2 12 218
vpvv 219 4 3 12 219
vpvv 220 5 2 12 220
vpvv 221 5 3 12 221
vpvv 222 6 2 12 222
vpvv 223 6 3 12 223
vpvv 224 7 2 12 224
vpvv 225 7 3 12 225
vpvv 226 8 2 12 226
vpvv 227 8 3 12 227
vpvv 228 9 2 12 228
vpvv 229 9 3 12 229
vpvv 293 6 4 14 293
vpvv 294 6 5 14 294
vpvv 295 6 10 14 295
vpvv 296 7 4 14 296
vpvv 297 7 5 14 297
vpvv 298 7 10 14 298
vpvv 299 8 4 14 299
vpvv 300 8 5 14 300
vpvv 301 8 10 14 301
vpvv 302 9 4 14 302
vpvv 303 9 5 14 303
vpvv 304 9 10 14 304
vpvv 305 11 4 14 305
vpvv 306 11 5 14 306
vpvv 307 11 10 14 307
vpvv 308 12 4 14 308
vpvv 309 12 5 14 309
vpvv 310 12 10 14 310
vpvv 311 13 4 14 311
vpvv 312 13 5 14 312
vpvv 313 13 10 14 313
vpvv 314 14 4 14 314
vpvv 315 14 5 14 315
vpvv 316 14 10 14 316
vpvv 317 15 4 14 317
vpvv 318 15 5 14 318
vpvv 319 15 10 14 319
vpvv 320 16 4 14 320
vpvv 321 16 5 14 321
vpvv 322 16 10 14 322
vpvv 323 17 4 14 323
vpvv 324 17 5 14 324
vpvv 325 17 10 14 325
vpvv 326 18 4 14 326
vpvv 327 18 5 14 327
vpvv 328 18 10 14 328
vpvv 355 4 2 16 355
vpvv 356 4 3 16 356
vpvv 357 5 2 16 357
vpvv 358 5 3 16 358
vpvv 359 6 2 16 359
vpvv 360 6 3 16 360
vpvv 361 7 2 16 361
vpvv 362 7 3 16 362
vpvv 363 8 2 16 363
vpvv 364 8 3 16 364
vpvv 365 9 2 16 365
vpvv 366 9 3 16 366
vpvv 386 3 2 20 386
vpvv 387 4 2 20 387
vpvv 388 5 2 20 388
vpvv 389 6 2 20 389
vpvv 390 7 2 20 390
vpvv 391 8 2 20 391
vpvv 392 9 2 20 392
vpvv 393 10 2 20 393
vpvv 394 11 2 20 394
vpvv 395 12 2 20 395
