Read 5696 matrix elements 
ReadFile. from the input, I extracted input/NO2B_ThBME_EM1.8_2.0_3NFJmax15_IS_hw16_ms18_36_18.stream.bin  18 36 18 18
ReadFile  reading/storing with 32  bit floats. filemode is bin
Allocated a vector of size 4719115
Done reading
Calculating moshinsky with Lmax = 3
done calculating moshinsky (389 elements)
Hash table has 541 buckets and a load factor 0.719039  estimated storage ~ 1.38581e-05 GB
HartreeFock::BuildMonopoleV3  storing 26624 doubles for Vmon3 and 26624 uint64's for Vmon3_keys.
HF converged after 30 iterations. 
e1hf = 112.5859726
e2hf = -127.4960094
e3hf = 3.8961878
EHF = -11.0138490
  i:   n   l  2j 2tz            SPE         occ.   |    overlaps
  0:   0   0   1  -1     -36.373578     1.000000   |  0.994274   0.106862  
  1:   0   0   1   1     -25.831041     1.000000   |  0.994370   0.105967  
  2:   0   1   3  -1      -8.255515     0.000000   |  0.999811  -0.019438  
  3:   0   1   3   1      -1.577061     1.000000   |  0.996146  -0.087708  
  4:   0   1   1  -1      -5.896974     0.000000   |  0.991699  -0.128578  
  5:   0   1   1   1       1.752489     0.000000   |  0.976036  -0.217610  
  6:   0   2   5  -1       8.486704     0.000000   |  1.000000  
  7:   0   2   5   1      14.393962     0.000000   |  1.000000  
  8:   0   2   3  -1      11.988119     0.000000   |  1.000000  
  9:   0   2   3   1      17.711572     0.000000   |  1.000000  
 10:   1   0   1  -1       6.148010     0.000000   | -0.106862   0.994274  
 11:   1   0   1   1       9.972989     0.000000   | -0.105967   0.994370  
 12:   0   3   7  -1      21.879134     0.000000   |  1.000000  
 13:   0   3   7   1      23.963895     0.000000   |  1.000000  
 14:   0   3   5  -1      24.983366     0.000000   |  1.000000  
 15:   0   3   5   1      28.067116     0.000000   |  1.000000  
 16:   1   1   3  -1      17.950456     0.000000   |  0.019438   0.999811  
 17:   1   1   3   1      20.325899     0.000000   |  0.087708   0.996146  
 18:   1   1   1  -1      22.197211     0.000000   |  0.128578   0.991699  
 19:   1   1   1   1      25.037947     0.000000   |  0.217610   0.976036  
    i           s              E0           ||H||      estim. err     ||Omega_1||     ||Omega_2||     ||Omega_3||       ||Eta_1||       ||Eta_2||       ||Eta_3||  Ncomm          E(MP2)  N_Ops    Walltime (s)        Memory (MB)
-------------------------------------------------------------------------------------------------------------------------------------------------------------------------------
    0     0.00000   -11.013849010   707.694659564     0.000000000     0.000000000     0.000000000     0.000000000     0.000000002     0.718036056     0.000000000      0   -10.775405989      6       0.271       0.000 / 50560.000
Precalculating SixJ's
done calculating sixJs (13373 of them)  now there are 13373 entries 
Hash table has 20753 buckets and a load factor 0.644  estimated storage ~ 0.001 GB
    1     0.13927   -12.252042401   707.038937935     0.000000000     0.000000000     0.100000000     0.000000000     0.001158354     0.620830410     0.000000000      5    -9.519762899      6       0.280       0.000 / 52384.000
    2     0.30034   -13.313255164   706.435705359     0.000000000     0.000186581     0.199976211     0.000000000     0.001915960     0.528105447     0.000000000     11    -8.484772498      6       0.290       0.000 / 53072.000
    3     0.48970   -14.200636170   705.878115280     0.000000000     0.000550858     0.299886046     0.000000000     0.002303648     0.439470109     0.000000000     18    -7.648564992      6       0.302       0.000 / 53648.000
    4     0.71724   -14.918513290   705.359269214     0.000000000     0.001077760     0.399652446     0.000000000     0.002362447     0.354674162     0.000000000     26    -6.992255454      6       0.314       0.000 / 53648.000
    5     0.99918   -15.472820520   704.871896566     0.000000000     0.001747836     0.499131429     0.000000000     0.002145625     0.273647282     0.000000000     36    -6.498647344      6       0.330       0.000 / 53664.000
    6     1.36461   -15.871766583   704.407865409     0.000000000     0.002536011     0.598041526     0.000000000     0.001730175     0.196561444     0.000000000     47    -6.150836541      6       0.346       0.000 / 54928.000
    7     1.86461   -16.123779832   703.964950777     0.000000000     0.003404823     0.694077557     0.000000000     0.001239459     0.125198415     0.000000000     59    -5.933186441      6       0.365       0.000 / 55376.000
    8     2.36461   -16.218933794   703.680022479     0.000000000     0.004028313     0.753394067     0.000000000     0.001011236     0.082615024     0.000000000     71    -5.849580272      6       0.384       0.000 / 55680.000
    9     2.86461   -16.258009423   703.488794433     0.000000000     0.004545701     0.791129452     0.000000000     0.000927791     0.055861076     0.000000000     83    -5.813277186      6       0.402       0.000 / 56544.000
   10     3.36461   -16.275276614   703.357394603     0.000000000     0.005022730     0.815687088     0.000000000     0.000889175     0.038428512     0.000000000     94    -5.795962450      6       0.419       0.000 / 56544.000
   11     3.86461   -16.283431188   703.265727161     0.000000000     0.005476316     0.831961891     0.000000000     0.000843962     0.026777818     0.000000000    105    -5.787234182      6       0.437       0.000 / 56768.000
   12     4.36461   -16.287530613   703.201068263     0.000000000     0.005902474     0.842910166     0.000000000     0.000778540     0.018850064     0.000000000    116    -5.782777704      6       0.454       0.000 / 56896.000
   13     4.86461   -16.289719007   703.155060341     0.000000000     0.006292400     0.850369123     0.000000000     0.000696724     0.013383036     0.000000000    127    -5.780584001      6       0.471       0.000 / 56928.000
   14     5.36461   -16.290956541   703.122084073     0.000000000     0.006639319     0.855506988     0.000000000     0.000607043     0.009572779     0.000000000    138    -5.779624349      6       0.489       0.000 / 56928.000
   15     5.86461   -16.291694023   703.098322946     0.000000000     0.006941296     0.859078335     0.000000000     0.000516268     0.006897073     0.000000000    148    -5.779341401      6       0.505       0.000 / 56928.000
   16     6.36461   -16.292156388   703.081082670     0.000000000     0.007197343     0.861584836     0.000000000     0.000431527     0.004999305     0.000000000    158    -5.779408114      6       0.521       0.000 / 56928.000
   17     6.86461   -16.292458910   703.068511484     0.000000000     0.007410840     0.863358041     0.000000000     0.000355605     0.003643756     0.000000000    168    -5.779643180      6       0.537       0.000 / 56928.000
   18     7.36461   -16.292664057   703.059303426     0.000000000     0.007586409     0.864621690     0.000000000     0.000289647     0.002669151     0.000000000    178    -5.779943675      6       0.553       0.000 / 56928.000
   19     7.86461   -16.292807263   703.052530947     0.000000000     0.007729151     0.865528303     0.000000000     0.000233674     0.001964169     0.000000000    188    -5.780253052      6       0.569       0.000 / 56960.000
   20     8.36461   -16.292909541   703.047531074     0.000000000     0.007844117     0.866182817     0.000000000     0.000187032     0.001451349     0.000000000    198    -5.780542230      6       0.585       0.000 / 56960.000
   21     8.86461   -16.292983888   703.043827191     0.000000000     0.007935996     0.866658045     0.000000000     0.000148718     0.001076386     0.000000000    208    -5.780798175      6       0.601       0.000 / 56960.000
   22     9.36461   -16.293030432   703.041171040     0.000000000     0.008006455     0.867004367     0.000000000     0.000120098     0.000798879     0.000000000    217    -5.781023745      6       0.617       0.000 / 56992.000
   23     9.86461   -16.293065832   703.039195439     0.000000000     0.008063217     0.867258144     0.000000000     0.000096062     0.000594951     0.000000000    226    -5.781214814      6       0.632       0.000 / 56992.000
   24    10.36461   -16.293092921   703.037721760     0.000000000     0.008108537     0.867444963     0.000000000     0.000076276     0.000444388     0.000000000    235    -5.781373085      6       0.647       0.000 / 56992.000
   25    10.86461   -16.293113725   703.036619685     0.000000000     0.008144472     0.867583050     0.000000000     0.000060219     0.000332775     0.000000000    244    -5.781502120      6       0.662       0.000 / 56992.000
   26    11.36461   -16.293129737   703.035793663     0.000000000     0.008172809     0.867685490     0.000000000     0.000047324     0.000249749     0.000000000    253    -5.781606090      6       0.677       0.000 / 56992.000
   27    11.86461   -16.293142073   703.035173318     0.000000000     0.008195056     0.867761731     0.000000000     0.000037051     0.000187799     0.000000000    262    -5.781689112      6       0.692       0.000 / 56992.000
   28    12.36461   -16.293151580   703.034706623     0.000000000     0.008212457     0.867818638     0.000000000     0.000028917     0.000141453     0.000000000    271    -5.781754942      6       0.708       0.000 / 56992.000
   29    12.86461   -16.293158906   703.034354980     0.000000000     0.008226029     0.867861221     0.000000000     0.000022510     0.000106700     0.000000000    280    -5.781806847      6       0.723       0.000 / 56992.000
   30    13.36461   -16.293164549   703.034089665     0.000000000     0.008236586     0.867893159     0.000000000     0.000017484     0.000080587     0.000000000    289    -5.781847587      6       0.739       0.000 / 57088.000
   31    13.86461   -16.293168893   703.033889245     0.000000000     0.008244780     0.867917160     0.000000000     0.000013554     0.000060933     0.000000000    298    -5.781879443      6       0.755       0.000 / 57120.000
   32    14.36461   -16.293172236   703.033737689     0.000000000     0.008251129     0.867935229     0.000000000     0.000010490     0.000046116     0.000000000    307    -5.781904274      6       0.770       0.000 / 57120.000
   33    14.86461   -16.293174805   703.033622978     0.000000000     0.008256040     0.867948852     0.000000000     0.000008107     0.000034932     0.000000000    316    -5.781923579      6       0.785       0.000 / 57120.000
   34    15.36461   -16.293176779   703.033536084     0.000000000     0.008259834     0.867959138     0.000000000     0.000006257     0.000026479     0.000000000    325    -5.781938554      6       0.801       0.000 / 57120.000
   35    15.86461   -16.293178295   703.033470215     0.000000000     0.008262761     0.867966912     0.000000000     0.000004824     0.000020084     0.000000000    334    -5.781950148      6       0.816       0.000 / 57120.000
   36    16.36461   -16.293179458   703.033420254     0.000000000     0.008265016     0.867972795     0.000000000     0.000003715     0.000015242     0.000000000    343    -5.781959110      6       0.831       0.000 / 57120.000
   37    16.86461   -16.293180350   703.033382338     0.000000000     0.008266753     0.867977250     0.000000000     0.000002859     0.000011573     0.000000000    352    -5.781966026      6       0.846       0.000 / 57120.000
   38    17.36461   -16.293181034   703.033353549     0.000000000     0.008268089     0.867980627     0.000000000     0.000002198     0.000008791     0.000000000    361    -5.781971358      6       0.861       0.000 / 57120.000
   39    17.86461   -16.293181558   703.033331682     0.000000000     0.008269116     0.867983188     0.000000000     0.000001689     0.000006680     0.000000000    370    -5.781975463      6       0.876       0.000 / 57120.000
   40    18.36461   -16.293181959   703.033315067     0.000000000     0.008269905     0.867985131     0.000000000     0.000001297     0.000005078     0.000000000    379    -5.781978622      6       0.891       0.000 / 57120.000
   41    18.86461   -16.293182266   703.033302438     0.000000000     0.008270510     0.867986606     0.000000000     0.000000995     0.000003861     0.000000000    388    -5.781981049      6       0.906       0.000 / 57248.000
   42    19.36461   -16.293182501   703.033292836     0.000000000     0.008270975     0.867987727     0.000000000     0.000000763     0.000002936     0.000000000    397    -5.781982914      6       0.921       0.000 / 57248.000
   43    19.86461   -16.293182681   703.033285534     0.000000000     0.008271331     0.867988579     0.000000000     0.000000585     0.000002233     0.000000000    406    -5.781984344      6       0.936       0.000 / 57280.000
   44    20.36461   -16.293182818   703.033279979     0.000000000     0.008271604     0.867989226     0.000000000     0.000000448     0.000001699     0.000000000    415    -5.781985442      6       0.951       0.000 / 57280.000
   45    20.86461   -16.293182923   703.033275754     0.000000000     0.008271813     0.867989718     0.000000000     0.000000343     0.000001293     0.000000000    424    -5.781986283      6       0.966       0.000 / 57280.000
   46    21.36461   -16.293183004   703.033272539     0.000000000     0.008271974     0.867990093     0.000000000     0.000000263     0.000000984     0.000000000    433    -5.781986928      6       0.982       0.000 / 57280.000
   47    21.86461   -16.293183065   703.033270092     0.000000000     0.008272096     0.867990378     0.000000000     0.000000201     0.000000749     0.000000000    442    -5.781987422      6       0.996       0.000 / 57280.000
pushing back another Omega. Omega.size = 1 , operator size = 0.099 MB,  memory usage = 0.000 GB
    0    21.86461   -16.293183065   703.033270092     0.000000000     0.000000000     0.000000000     0.000000000     0.092286557     3.690916726     0.000000000    442    -5.781987422      7       0.997       0.000 / 57280.000
    1    21.89169   -16.516567380   702.300992793     0.000000000     0.002499588     0.099968755     0.000000000     0.087756562     3.571209509     0.000000000    447    -5.536270873      7       1.005       0.000 / 57424.000
    2    21.91969   -16.734678163   701.586936348     0.000000000     0.004955406     0.199936980     0.000000000     0.083356119     3.453136312     0.000000000    452    -5.298726072      7       1.014       0.000 / 57520.000
    3    21.94864   -16.947436497   700.891318604     0.000000000     0.007366139     0.299903002     0.000000000     0.079089967     3.336622894     0.000000000    458    -5.069335617      7       1.024       0.000 / 57520.000
    4    21.97860   -17.154769736   700.214342855     0.000000000     0.009730485     0.399865052     0.000000000     0.074964201     3.221600066     0.000000000    464    -4.848076303      7       1.034       0.000 / 57520.000
    5    22.00963   -17.356611354   699.556198120     0.000000000     0.012047174     0.499821245     0.000000000     0.070986388     3.108003251     0.000000000    471    -4.634919396      7       1.045       0.000 / 57552.000
    6    22.04180   -17.552900801   698.917059454     0.000000000     0.014314989     0.599769549     0.000000000     0.067165701     2.995772110     0.000000000    478    -4.429830861      7       1.058       0.000 / 57696.000
    7    22.07517   -17.743591233   698.297097885     0.000000000     0.016532119     0.699708337     0.000000000     0.063514686     2.884848886     0.000000000    486    -4.232749928      7       1.071       0.000 / 57824.000
    8    22.10982   -17.928629725   697.696454322     0.000000000     0.018698022     0.799634802     0.000000000     0.060044567     2.775181595     0.000000000    494    -4.043646260      7       1.084       0.000 / 57856.000
    9    22.14585   -18.107973894   697.115263724     0.000000000     0.020811806     0.899546304     0.000000000     0.056769720     2.666720771     0.000000000    503    -3.862469579      7       1.099       0.000 / 57856.000
   10    22.18334   -18.281587025   696.553647924     0.000000000     0.022872787     0.999439912     0.000000000     0.053706165     2.559420159     0.000000000    512    -3.689164809      7       1.114       0.000 / 57856.000
   11    22.22240   -18.449438000   696.011715777     0.000000000     0.024880552     1.099312353     0.000000000     0.050871272     2.453236550     0.000000000    521    -3.523672147      7       1.129       0.000 / 57856.000
   12    22.25947   -18.597087253   695.536062981     0.000000000     0.026657291     1.190115504     0.000000000     0.048506774     2.357612663     0.000000000    530    -3.379910717      7       1.144       0.000 / 57856.000
   13    22.29509   -18.729222363   695.111303637     0.000000000     0.028257517     1.273968428     0.000000000     0.046514929     2.270054946     0.000000000    540    -3.252775578      7       1.160       0.000 / 57856.000
   14    22.32965   -18.848962582   694.727207265     0.000000000     0.029717639     1.352280480     0.000000000     0.044829615     2.188908722     0.000000000    550    -3.138876680      7       1.177       0.000 / 57856.000
   15    22.36342   -18.958494119   694.376607257     0.000000000     0.031063319     1.426036014     0.000000000     0.043403150     2.113019487     0.000000000    560    -3.035840637      7       1.193       0.000 / 57856.000
   16    22.39659   -19.059422272   694.054243664     0.000000000     0.032313554     1.495955583     0.000000000     0.042199116     2.041543111     0.000000000    570    -2.941926722      7       1.210       0.000 / 57856.000
   17    22.42932   -19.152968454   693.756116011     0.000000000     0.033482957     1.562585875     0.000000000     0.041188384     1.973839938     0.000000000    580    -2.855812064      7       1.226       0.000 / 57856.000
   18    22.46173   -19.240088478   693.479094925     0.000000000     0.034583127     1.626353554     0.000000000     0.040346784     1.909411393     0.000000000    590    -2.776462716      7       1.243       0.000 / 57856.000
   19    22.49392   -19.321547546   693.220675966     0.000000000     0.035623509     1.687599326     0.000000000     0.039653672     1.847859876     0.000000000    600    -2.703051943      7       1.260       0.000 / 57856.000
   20    22.52597   -19.397969934   692.978816614     0.000000000     0.036611972     1.746600459     0.000000000     0.039091016     1.788862266     0.000000000    610    -2.634906104      7       1.276       0.000 / 57856.000
   21    22.55796   -19.469873104   692.751824357     0.000000000     0.037555201     1.803586215     0.000000000     0.038642821     1.732151758     0.000000000    621    -2.571467517      7       1.294       0.000 / 57856.000
   22    22.58995   -19.537691843   692.538277528     0.000000000     0.038458976     1.858748754     0.000000000     0.038294734     1.677505050     0.000000000    632    -2.512268180      7       1.313       0.000 / 57856.000
   23    22.62201   -19.601795784   692.336967852     0.000000000     0.039328378     1.912251030     0.000000000     0.038033790     1.624733053     0.000000000    643    -2.456910717      7       1.331       0.000 / 57856.000
   24    22.65418   -19.662502408   692.146857822     0.000000000     0.040167932     1.964232647     0.000000000     0.037848227     1.573674016     0.000000000    654    -2.405054239      7       1.349       0.000 / 57856.000
   25    22.68652   -19.720086879   691.967048476     0.000000000     0.040981733     2.014814275     0.000000000     0.037727352     1.524188336     0.000000000    665    -2.356403656      7       1.367       0.000 / 57856.000
pushing back another Omega. Omega.size = 2 , operator size = 0.099 MB,  memory usage = 0.000 GB
   26    22.75211   -19.828691397   691.629112128     0.000000000     0.002474484     0.099969380     0.000000000     0.037677335     1.427541950     0.000000000    670    -2.265889420      8       1.376       0.000 / 57936.000
   27    22.82213   -19.931548315   691.311206399     0.000000000     0.005106984     0.199929045     0.000000000     0.037802454     1.331720952     0.000000000    675    -2.182187916      8       1.384       0.000 / 58064.000
   28    22.89719   -20.028692408   691.013276775     0.000000000     0.007926894     0.299870731     0.000000000     0.038054133     1.236723056     0.000000000    681    -2.105177963      8       1.394       0.000 / 58064.000
   29    22.97801   -20.120164139   690.735253562     0.000000000     0.010967757     0.399783836     0.000000000     0.038380366     1.142553328     0.000000000    687    -2.034732284      8       1.404       0.000 / 58064.000
   30    23.06549   -20.206020977   690.477079539     0.000000000     0.014268261     0.499653524     0.000000000     0.038724967     1.049226250     0.000000000    695    -1.970697018      8       1.417       0.000 / 58064.000
   31    23.16073   -20.286312691   690.238633626     0.000000000     0.017873117     0.599461641     0.000000000     0.039032842     0.956769518     0.000000000    703    -1.912938243      8       1.430       0.000 / 58064.000
   32    23.26516   -20.361101230   690.019789140     0.000000000     0.021834985     0.699182860     0.000000000     0.039246001     0.865228308     0.000000000    711    -1.861303270      8       1.443       0.000 / 58240.000
   33    23.38062   -20.430455920   689.820388166     0.000000000     0.026216734     0.798781923     0.000000000     0.039303742     0.774673171     0.000000000    719    -1.815630405      8       1.457       0.000 / 58240.000
   34    23.50954   -20.494453945   689.640228795     0.000000000     0.031094799     0.898208252     0.000000000     0.039141000     0.685212522     0.000000000    728    -1.775748014      8       1.472       0.000 / 58240.000
   35    23.65524   -20.553180840   689.479042286     0.000000000     0.036564122     0.997386651     0.000000000     0.038685817     0.597013806     0.000000000    737    -1.741473378      8       1.487       0.000 / 58240.000
   36    23.82239   -20.606730766   689.336450297     0.000000000     0.042745653     1.096200176     0.000000000     0.037855552     0.510341359     0.000000000    747    -1.712611323      8       1.503       0.000 / 58240.000
   37    24.00052   -20.651195306   689.222150352     0.000000000     0.049169621     1.185757031     0.000000000     0.036660930     0.433050318     0.000000000    757    -1.690858603      8       1.518       0.000 / 58240.000
   38    24.19440   -20.688682229   689.129082720     0.000000000     0.055921256     1.267871627     0.000000000     0.035105680     0.363534148     0.000000000    768    -1.674453655      8       1.536       0.000 / 58240.000
   39    24.41015   -20.720649848   689.052018776     0.000000000     0.063096546     1.343748915     0.000000000     0.033178111     0.300849233     0.000000000    780    -1.662195368      8       1.555       0.000 / 58240.000
   40    24.65575   -20.748108096   688.986720454     0.000000000     0.070793352     1.414041159     0.000000000     0.030860150     0.244665673     0.000000000    792    -1.653239525      8       1.574       0.000 / 58240.000
   41    24.94216   -20.771771274   688.929126861     0.000000000     0.079109363     1.478913729     0.000000000     0.028131846     0.195212105     0.000000000    804    -1.646959832      8       1.593       0.000 / 58240.000
   42    25.28451   -20.792128764   688.874544846     0.000000000     0.088118157     1.537974097     0.000000000     0.024985895     0.153262904     0.000000000    816    -1.642862798      8       1.612       0.000 / 58240.000
   43    25.70254   -20.809468109   688.816639948     0.000000000     0.097798109     1.590110993     0.000000000     0.021462168     0.119895509     0.000000000    828    -1.640522055      8       1.631       0.000 / 58240.000
   44    26.20254   -20.823512913   688.748361814     0.000000000     0.107585567     1.632194164     0.000000000     0.017817237     0.096116319     0.000000000    840    -1.639535204      8       1.650       0.000 / 58240.000
   45    26.70254   -20.833052076   688.672927655     0.000000000     0.115484569     1.658812267     0.000000000     0.014838703     0.081750416     0.000000000    852    -1.639382758      8       1.669       0.000 / 58240.000
   46    27.20254   -20.839923191   688.587663481     0.000000000     0.121834573     1.676554155     0.000000000     0.012440090     0.071589127     0.000000000    864    -1.639514690      8       1.688       0.000 / 58288.000
   47    27.70254   -20.845102762   688.492790309     0.000000000     0.126933159     1.689037026     0.000000000     0.010507077     0.063580043     0.000000000    876    -1.639724731      8       1.707       0.000 / 58288.000
   48    28.20254   -20.849152649   688.389640753     0.000000000     0.131020891     1.698279494     0.000000000     0.008942635     0.056941250     0.000000000    888    -1.639930712      8       1.726       0.000 / 58288.000
   49    28.70254   -20.852416558   688.279892624     0.000000000     0.134288087     1.705430581     0.000000000     0.007672308     0.051348782     0.000000000    899    -1.640100015      8       1.744       0.000 / 58288.000
   50    29.20254   -20.855114682   688.165234451     0.000000000     0.136885398     1.711160748     0.000000000     0.006639722     0.046630791     0.000000000    910    -1.640221845      8       1.761       0.000 / 58288.000
   51    29.70254   -20.857393237   688.047218836     0.000000000     0.138933172     1.715875241     0.000000000     0.005801364     0.042662080     0.000000000    921    -1.640295409      8       1.779       0.000 / 58288.000
   52    30.20254   -20.859352055   687.927209342     0.000000000     0.140528596     1.719829486     0.000000000     0.005122515     0.039331864     0.000000000    932    -1.640324661      8       1.797       0.000 / 58288.000
   53    30.70254   -20.861060909   687.806369346     0.000000000     0.141750942     1.723192747     0.000000000     0.004574555     0.036536728     0.000000000    943    -1.640315610      8       1.815       0.000 / 58288.000
   54    31.20254   -20.862569598   687.685670945     0.000000000     0.142665411     1.726083330     0.000000000     0.004133295     0.034181355     0.000000000    954    -1.640274872      8       1.833       0.000 / 58288.000
   55    31.70254   -20.863914386   687.565912624     0.000000000     0.143325969     1.728588242     0.000000000     0.003778030     0.032180725     0.000000000    965    -1.640208889      8       1.850       0.000 / 58288.000
   56    32.20254   -20.865122220   687.447739928     0.000000000     0.143777493     1.730774322     0.000000000     0.003491053     0.030461681     0.000000000    976    -1.640123526      8       1.868       0.000 / 58288.000
   57    32.70254   -20.866213542   687.331666265     0.000000000     0.144057420     1.732694688     0.000000000     0.003257415     0.028963350     0.000000000    988    -1.640023886      8       1.887       0.000 / 58288.000
   58    33.20254   -20.867204190   687.218092426     0.000000000     0.144197039     1.734392576     0.000000000     0.003064750     0.027636560     0.000000000   1000    -1.639914268      8       1.907       0.000 / 58288.000
   59    33.70254   -20.868106702   687.107324202     0.000000000     0.144222534     1.735903738     0.000000000     0.002903081     0.026442590     0.000000000   1012    -1.639798197      8       1.926       0.000 / 58288.000
   60    34.20254   -20.868931213   686.999587921     0.000000000     0.144155818     1.737258018     0.000000000     0.002764565     0.025351608     0.000000000   1024    -1.639678497      8       1.946       0.000 / 58288.000
   61    34.70254   -20.869686084   686.895043906     0.000000000     0.144015225     1.738480442     0.000000000     0.002643188     0.024341053     0.000000000   1036    -1.639557383      8       1.965       0.000 / 58288.000
   62    35.20254   -20.870378338   686.793798035     0.000000000     0.143816079     1.739592041     0.000000000     0.002534444     0.023394130     0.000000000   1048    -1.639436558      8       1.984       0.000 / 58288.000
   63    35.70254   -20.871013980   686.695911556     0.000000000     0.143571172     1.740610476     0.000000000     0.002435026     0.022498512     0.000000000   1060    -1.639317298      8       2.004       0.000 / 58288.000
   64    36.20254   -20.871598211   686.601409396     0.000000000     0.143291159     1.741550557     0.000000000     0.002342552     0.021645258     0.000000000   1072    -1.639200538      8       2.023       0.000 / 58288.000
   65    36.70254   -20.872135600   686.510287133     0.000000000     0.142984895     1.742424672     0.000000000     0.002255341     0.020827955     0.000000000   1084    -1.639086938      8       2.043       0.000 / 58288.000
   66    37.20254   -20.872630196   686.422516846     0.000000000     0.142659719     1.743243146     0.000000000     0.002172228     0.020042040     0.000000000   1096    -1.638976946      8       2.062       0.000 / 58288.000
   67    37.70254   -20.873085619   686.338051986     0.000000000     0.142321689     1.744014558     0.000000000     0.002092420     0.019284295     0.000000000   1108    -1.638870845      8       2.081       0.000 / 58288.000
   68    38.20254   -20.873505127   686.256831434     0.000000000     0.141975785     1.744746002     0.000000000     0.002015389     0.018552454     0.000000000   1120    -1.638768791      8       2.101       0.000 / 58288.000
   69    38.70254   -20.873891670   686.178782856     0.000000000     0.141626081     1.745443323     0.000000000     0.001940795     0.017844920     0.000000000   1132    -1.638670849      8       2.120       0.000 / 58288.000
   70    39.20254   -20.874247925   686.103825481     0.000000000     0.141275891     1.746111310     0.000000000     0.001868423     0.017160558     0.000000000   1144    -1.638577011      8       2.140       0.000 / 58288.000
   71    39.70254   -20.874576336   686.031872387     0.000000000     0.140927886     1.746753871     0.000000000     0.001798146     0.016498538     0.000000000   1156    -1.638487221      8       2.159       0.000 / 58288.000
   72    40.20254   -20.874879133   685.962832373     0.000000000     0.140584203     1.747374172     0.000000000     0.001729890     0.015858229     0.000000000   1168    -1.638401389      8       2.178       0.000 / 58288.000
   73    40.70254   -20.875158359   685.896611492     0.000000000     0.140246529     1.747974767     0.000000000     0.001663615     0.015239126     0.000000000   1180    -1.638319398      8       2.198       0.000 / 58288.000
   74    41.20254   -20.875415888   685.833114295     0.000000000     0.139916178     1.748557704     0.000000000     0.001599303     0.014640793     0.000000000   1192    -1.638241119      8       2.217       0.000 / 58304.000
   75    41.70254   -20.875653439   685.772244839     0.000000000     0.139594151     1.749124608     0.000000000     0.001536943     0.014062828     0.000000000   1204    -1.638166411      8       2.237       0.000 / 58304.000
   76    42.20254   -20.875872592   685.713907491     0.000000000     0.139281191     1.749676764     0.000000000     0.001476528     0.013504843     0.000000000   1216    -1.638095130      8       2.256       0.000 / 58304.000
   77    42.70254   -20.876074798   685.658007574     0.000000000     0.138977828     1.750215176     0.000000000     0.001418052     0.012966446     0.000000000   1228    -1.638027130      8       2.275       0.000 / 58304.000
   78    43.20254   -20.876261394   685.604451871     0.000000000     0.138684413     1.750740626     0.000000000     0.001361505     0.012447234     0.000000000   1240    -1.637962269      8       2.294       0.000 / 58304.000
   79    43.70254   -20.876433607   685.553149021     0.000000000     0.138401156     1.751253712     0.000000000     0.001306871     0.011946788     0.000000000   1252    -1.637900403      8       2.314       0.000 / 58304.000
   80    44.20254   -20.876592570   685.504009816     0.000000000     0.138128146     1.751754890     0.000000000     0.001254131     0.011464674     0.000000000   1264    -1.637841396      8       2.333       0.000 / 58304.000
   81    44.70254   -20.876739322   685.456947424     0.000000000     0.137865377     1.752244504     0.000000000     0.001203260     0.011000442     0.000000000   1276    -1.637785115      8       2.353       0.000 / 58304.000
   82    45.20254   -20.876874823   685.411877552     0.000000000     0.137612767     1.752722813     0.000000000     0.001154228     0.010553626     0.000000000   1288    -1.637731433      8       2.372       0.000 / 58304.000
   83    45.70254   -20.876999915   685.368723078     0.000000000     0.137369323     1.753191785     0.000000000     0.001106055     0.010124077     0.000000000   1299    -1.637680188      8       2.390       0.000 / 58304.000
   84    46.20254   -20.877115464   685.327397746     0.000000000     0.137136277     1.753648993     0.000000000     0.001060211     0.009710683     0.000000000   1310    -1.637631282      8       2.408       0.000 / 58304.000
   85    46.70254   -20.877222212   685.287827107     0.000000000     0.136913076     1.754094967     0.000000000     0.001016341     0.009313168     0.000000000   1321    -1.637584626      8       2.426       0.000 / 58304.000
   86    47.20254   -20.877320845   685.249938300     0.000000000     0.136699324     1.754529969     0.000000000     0.000974268     0.008931119     0.000000000   1332    -1.637540118      8       2.444       0.000 / 58304.000
   87    47.70254   -20.877411996   685.213660808     0.000000000     0.136494677     1.754954147     0.000000000     0.000933888     0.008564066     0.000000000   1343    -1.637497660      8       2.462       0.000 / 58304.000
   88    48.20254   -20.877496250   685.178926678     0.000000000     0.136298815     1.755367604     0.000000000     0.000895121     0.008211520     0.000000000   1354    -1.637457154      8       2.480       0.000 / 58304.000
   89    48.70254   -20.877574143   685.145670572     0.000000000     0.136111422     1.755770421     0.000000000     0.000857905     0.007872987     0.000000000   1365    -1.637418508      8       2.498       0.000 / 58304.000
   90    49.20254   -20.877646172   685.113829738     0.000000000     0.135932186     1.756162676     0.000000000     0.000822182     0.007547975     0.000000000   1375    -1.637381631      8       2.515       0.000 / 58304.000
   91    49.70254   -20.877712791   685.083343956     0.000000000     0.135760798     1.756544447     0.000000000     0.000787897     0.007236000     0.000000000   1385    -1.637346440      8       2.531       0.000 / 58304.000
   92    50.20254   -20.877774421   685.054155468     0.000000000     0.135596952     1.756915817     0.000000000     0.000755000     0.006936590     0.000000000   1395    -1.637312854      8       2.548       0.000 / 58304.000
   93    50.70254   -20.877831449   685.026208903     0.000000000     0.135440347     1.757276878     0.000000000     0.000723441     0.006649279     0.000000000   1405    -1.637280797      8       2.564       0.000 / 58304.000
   94    51.20254   -20.877884231   684.999451197     0.000000000     0.135290687     1.757627730     0.000000000     0.000693170     0.006373616     0.000000000   1415    -1.637250195      8       2.581       0.000 / 58304.000
   95    51.70254   -20.877933096   684.973831515     0.000000000     0.135147681     1.757968486     0.000000000     0.000664141     0.006109162     0.000000000   1425    -1.637220981      8       2.597       0.000 / 58304.000
   96    52.20254   -20.877978346   684.949301166     0.000000000     0.135011049     1.758299264     0.000000000     0.000636308     0.005855488     0.000000000   1435    -1.637193088      8       2.614       0.000 / 58304.000
   97    52.70254   -20.878020259   684.925813522     0.000000000     0.134880517     1.758620195     0.000000000     0.000609624     0.005612180     0.000000000   1445    -1.637166455      8       2.630       0.000 / 58304.000
   98    53.20254   -20.878059093   684.903323943     0.000000000     0.134755819     1.758931420     0.000000000     0.000584045     0.005378836     0.000000000   1455    -1.637141022      8       2.647       0.000 / 58304.000
   99    53.70254   -20.878095084   684.881789695     0.000000000     0.134636698     1.759233087     0.000000000     0.000559529     0.005155067     0.000000000   1465    -1.637116733      8       2.663       0.000 / 58304.000
  100    54.20254   -20.878128450   684.861169873     0.000000000     0.134522909     1.759525354     0.000000000     0.000536034     0.004940496     0.000000000   1475    -1.637093535      8       2.679       0.000 / 58304.000
  101    54.70254   -20.878159391   684.841425330     0.000000000     0.134414214     1.759808386     0.000000000     0.000513518     0.004734758     0.000000000   1485    -1.637071378      8       2.696       0.000 / 58304.000
  102    55.20254   -20.878188093   684.822518602     0.000000000     0.134310383     1.760082355     0.000000000     0.000491943     0.004537504     0.000000000   1495    -1.637050212      8       2.712       0.000 / 58304.000
  103    55.70254   -20.878214727   684.804413837     0.000000000     0.134211197     1.760347441     0.000000000     0.000471271     0.004348393     0.000000000   1505    -1.637029992      8       2.729       0.000 / 58304.000
  104    56.20254   -20.878239449   684.787076729     0.000000000     0.134116446     1.760603826     0.000000000     0.000451464     0.004167099     0.000000000   1515    -1.637010674      8       2.745       0.000 / 58304.000
  105    56.70254   -20.878262404   684.770474452     0.000000000     0.134025930     1.760851699     0.000000000     0.000432488     0.003993306     0.000000000   1525    -1.636992216      8       2.762       0.000 / 58304.000
  106    57.20254   -20.878283726   684.754575598     0.000000000     0.133939454     1.761091251     0.000000000     0.000414309     0.003826711     0.000000000   1535    -1.636974579      8       2.778       0.000 / 58304.000
  107    57.70254   -20.878303538   684.739350113     0.000000000     0.133856836     1.761322679     0.000000000     0.000396893     0.003667023     0.000000000   1545    -1.636957725      8       2.795       0.000 / 58304.000
  108    58.20254   -20.878321953   684.724769241     0.000000000     0.133777898     1.761546180     0.000000000     0.000380208     0.003513960     0.000000000   1555    -1.636941619      8       2.811       0.000 / 58304.000
  109    58.70254   -20.878339077   684.710805469     0.000000000     0.133702473     1.761761953     0.000000000     0.000364225     0.003367251     0.000000000   1565    -1.636926225      8       2.827       0.000 / 58304.000
  110    59.20254   -20.878355005   684.697432470     0.000000000     0.133630400     1.761970198     0.000000000     0.000348915     0.003226638     0.000000000   1575    -1.636911511      8       2.844       0.000 / 58304.000
  111    59.70254   -20.878369828   684.684625054     0.000000000     0.133561527     1.762171115     0.000000000     0.000334248     0.003091870     0.000000000   1585    -1.636897446      8       2.860       0.000 / 58304.000
  112    60.20254   -20.878383626   684.672359119     0.000000000     0.133495706     1.762364905     0.000000000     0.000320198     0.002962707     0.000000000   1595    -1.636884001      8       2.877       0.000 / 58304.000
  113    60.70254   -20.878396476   684.660611598     0.000000000     0.133432799     1.762551767     0.000000000     0.000306740     0.002838919     0.000000000   1605    -1.636871147      8       2.893       0.000 / 58304.000
  114    61.20254   -20.878408448   684.649360423     0.000000000     0.133372672     1.762731900     0.000000000     0.000293848     0.002720285     0.000000000   1615    -1.636858858      8       2.910       0.000 / 58304.000
  115    61.70254   -20.878419605   684.638584473     0.000000000     0.133315200     1.762905501     0.000000000     0.000281499     0.002606592     0.000000000   1625    -1.636847108      8       2.926       0.000 / 58304.000
  116    62.20254   -20.878430009   684.628263538     0.000000000     0.133260260     1.763072765     0.000000000     0.000269670     0.002497636     0.000000000   1635    -1.636835873      8       2.943       0.000 / 58304.000
  117    62.70254   -20.878439714   684.618378276     0.000000000     0.133207739     1.763233885     0.000000000     0.000258339     0.002393221     0.000000000   1645    -1.636825128      8       2.959       0.000 / 58304.000
  118    63.20254   -20.878448770   684.608910179     0.000000000     0.133157525     1.763389050     0.000000000     0.000247485     0.002293159     0.000000000   1655    -1.636814854      8       2.976       0.000 / 58304.000
  119    63.70254   -20.878457225   684.599841529     0.000000000     0.133109516     1.763538447     0.000000000     0.000237087     0.002197270     0.000000000   1665    -1.636805027      8       2.992       0.000 / 58304.000
  120    64.20254   -20.878465122   684.591155374     0.000000000     0.133063610     1.763682262     0.000000000     0.000227128     0.002105382     0.000000000   1675    -1.636795628      8       3.009       0.000 / 58304.000
  121    64.70254   -20.878472500   684.582835486     0.000000000     0.133019713     1.763820674     0.000000000     0.000217587     0.002017328     0.000000000   1685    -1.636786638      8       3.025       0.000 / 58304.000
  122    65.20254   -20.878479398   684.574866334     0.000000000     0.132977735     1.763953860     0.000000000     0.000208448     0.001932949     0.000000000   1695    -1.636778039      8       3.042       0.000 / 58304.000
  123    65.70254   -20.878485849   684.567233050     0.000000000     0.132937589     1.764081995     0.000000000     0.000199694     0.001852092     0.000000000   1705    -1.636769813      8       3.058       0.000 / 58304.000
  124    66.20254   -20.878491885   684.559921405     0.000000000     0.132899192     1.764205248     0.000000000     0.000191308     0.001774611     0.000000000   1715    -1.636761944      8       3.075       0.000 / 58304.000
  125    66.70254   -20.878497534   684.552917777     0.000000000     0.132862466     1.764323785     0.000000000     0.000183274     0.001700367     0.000000000   1725    -1.636754415      8       3.091       0.000 / 58320.000
  126    67.20254   -20.878502825   684.546209127     0.000000000     0.132827337     1.764437767     0.000000000     0.000175579     0.001629223     0.000000000   1735    -1.636747212      8       3.108       0.000 / 58496.000
  127    67.70254   -20.878507782   684.539782972     0.000000000     0.132793733     1.764547354     0.000000000     0.000168207     0.001561051     0.000000000   1745    -1.636740320      8       3.124       0.000 / 58496.000
  128    68.20254   -20.878512428   684.533627364     0.000000000     0.132761586     1.764652698     0.000000000     0.000161146     0.001495728     0.000000000   1755    -1.636733725      8       3.141       0.000 / 58496.000
  129    68.70254   -20.878516785   684.527730861     0.000000000     0.132730831     1.764753950     0.000000000     0.000154381     0.001433134     0.000000000   1765    -1.636727415      8       3.157       0.000 / 58496.000
  130    69.20254   -20.878520873   684.522082511     0.000000000     0.132701407     1.764851255     0.000000000     0.000147901     0.001373156     0.000000000   1775    -1.636721376      8       3.174       0.000 / 58496.000
  131    69.70254   -20.878524709   684.516671829     0.000000000     0.132673254     1.764944756     0.000000000     0.000141693     0.001315686     0.000000000   1785    -1.636715597      8       3.190       0.000 / 58496.000
  132    70.20254   -20.878531759   684.511399573     0.000000000     0.132646683     1.765033762     0.000000000     0.000137729     0.001259221     0.000000000   1794    -1.636704941      8       3.206       0.000 / 58496.000
  133    70.70254   -20.878538483   684.506352913     0.000000000     0.132620726     1.765119114     0.000000000     0.000132722     0.001205894     0.000000000   1803    -1.636694678      8       3.221       0.000 / 58496.000
  134    71.20254   -20.878544883   684.501520811     0.000000000     0.132595725     1.765200980     0.000000000     0.000127420     0.001155048     0.000000000   1812    -1.636684839      8       3.236       0.000 / 58496.000
  135    71.70254   -20.878550968   684.496893715     0.000000000     0.132571778     1.765279558     0.000000000     0.000122127     0.001106398     0.000000000   1821    -1.636675426      8       3.251       0.000 / 58496.000
  136    72.20254   -20.878556754   684.492462763     0.000000000     0.132548885     1.765355018     0.000000000     0.000116970     0.001059797     0.000000000   1830    -1.636666424      8       3.267       0.000 / 58496.000
  137    72.70254   -20.878562252   684.488219548     0.000000000     0.132527017     1.765427502     0.000000000     0.000111997     0.001015145     0.000000000   1839    -1.636657816      8       3.282       0.000 / 58512.000
  138    73.20254   -20.878567478   684.484156045     0.000000000     0.132506131     1.765497133     0.000000000     0.000107224     0.000972360     0.000000000   1848    -1.636649584      8       3.297       0.000 / 58512.000
  139    73.70254   -20.878572445   684.480264581     0.000000000     0.132486180     1.765564020     0.000000000     0.000102653     0.000931369     0.000000000   1857    -1.636641708      8       3.312       0.000 / 58512.000
  140    74.20254   -20.878577167   684.476537817     0.000000000     0.132467121     1.765628266     0.000000000     0.000098278     0.000892100     0.000000000   1866    -1.636634173      8       3.328       0.000 / 58512.000
  141    74.70254   -20.878581657   684.472968736     0.000000000     0.132448909     1.765689969     0.000000000     0.000094093     0.000854483     0.000000000   1875    -1.636626962      8       3.343       0.000 / 58512.000
  142    75.20254   -20.878585926   684.469550621     0.000000000     0.132431505     1.765749221     0.000000000     0.000090090     0.000818453     0.000000000   1884    -1.636620060      8       3.358       0.000 / 58512.000
  143    75.70254   -20.878589987   684.466277048     0.000000000     0.132414870     1.765806114     0.000000000     0.000086261     0.000783944     0.000000000   1893    -1.636613455      8       3.374       0.000 / 58512.000
  144    76.20254   -20.878593850   684.463141870     0.000000000     0.132398968     1.765860734     0.000000000     0.000082598     0.000750891     0.000000000   1902    -1.636607132      8       3.389       0.000 / 58512.000
  145    76.70254   -20.878597527   684.460139205     0.000000000     0.132383763     1.765913165     0.000000000     0.000079094     0.000719236     0.000000000   1911    -1.636601079      8       3.404       0.000 / 58512.000
  146    77.20254   -20.878601026   684.457263422     0.000000000     0.132369224     1.765963490     0.000000000     0.000075741     0.000688917     0.000000000   1920    -1.636595284      8       3.419       0.000 / 58512.000
  147    77.70254   -20.878604358   684.454509135     0.000000000     0.132355320     1.766011789     0.000000000     0.000072532     0.000659880     0.000000000   1929    -1.636589737      8       3.435       0.000 / 58512.000
  148    78.20254   -20.878607530   684.451871188     0.000000000     0.132342021     1.766058137     0.000000000     0.000069462     0.000632070     0.000000000   1938    -1.636584426      8       3.450       0.000 / 58512.000
  149    78.70254   -20.878610552   684.449344644     0.000000000     0.132329300     1.766102610     0.000000000     0.000066523     0.000605435     0.000000000   1947    -1.636579341      8       3.466       0.000 / 58512.000
  150    79.20254   -20.878613431   684.446924781     0.000000000     0.132317130     1.766145280     0.000000000     0.000063710     0.000579924     0.000000000   1956    -1.636574473      8       3.481       0.000 / 58512.000
  151    79.70254   -20.878616174   684.444607077     0.000000000     0.132305487     1.766186216     0.000000000     0.000061017     0.000555491     0.000000000   1965    -1.636569811      8       3.497       0.000 / 58512.000
  152    80.20254   -20.878618788   684.442387203     0.000000000     0.132294347     1.766225486     0.000000000     0.000058439     0.000532089     0.000000000   1974    -1.636565348      8       3.512       0.000 / 58512.000
  153    80.70254   -20.878621280   684.440261017     0.000000000     0.132283687     1.766263154     0.000000000     0.000055971     0.000509675     0.000000000   1983    -1.636561074      8       3.527       0.000 / 58512.000
  154    81.20254   -20.878623655   684.438224551     0.000000000     0.132273486     1.766299284     0.000000000     0.000053607     0.000488207     0.000000000   1992    -1.636556982      8       3.543       0.000 / 58512.000
  155    81.70254   -20.878625921   684.436274009     0.000000000     0.132263724     1.766333936     0.000000000     0.000051345     0.000467645     0.000000000   2001    -1.636553064      8       3.558       0.000 / 58512.000
  156    82.20254   -20.878628082   684.434405754     0.000000000     0.132254380     1.766367168     0.000000000     0.000049178     0.000447949     0.000000000   2010    -1.636549312      8       3.573       0.000 / 58512.000
  157    82.70254   -20.878630143   684.432616308     0.000000000     0.132245437     1.766399036     0.000000000     0.000047103     0.000429084     0.000000000   2019    -1.636545719      8       3.589       0.000 / 58512.000
  158    83.20254   -20.878632109   684.430902336     0.000000000     0.132236877     1.766429596     0.000000000     0.000045116     0.000411015     0.000000000   2028    -1.636542278      8       3.604       0.000 / 58512.000
  159    83.70254   -20.878633985   684.429260648     0.000000000     0.132228683     1.766458898     0.000000000     0.000043214     0.000393707     0.000000000   2037    -1.636538983      8       3.619       0.000 / 58512.000
  160    84.20254   -20.878635776   684.427688190     0.000000000     0.132220840     1.766486994     0.000000000     0.000041392     0.000377129     0.000000000   2046    -1.636535828      8       3.635       0.000 / 58512.000
  161    84.70254   -20.878637485   684.426182037     0.000000000     0.132213331     1.766513931     0.000000000     0.000039647     0.000361249     0.000000000   2055    -1.636532806      8       3.650       0.000 / 58512.000
  162    85.20254   -20.878639117   684.424739386     0.000000000     0.132206143     1.766539757     0.000000000     0.000037975     0.000346039     0.000000000   2064    -1.636529912      8       3.665       0.000 / 58512.000
  163    85.70254   -20.878640675   684.423357556     0.000000000     0.132199261     1.766564516     0.000000000     0.000036375     0.000331469     0.000000000   2073    -1.636527141      8       3.681       0.000 / 58512.000
  164    86.20254   -20.878642162   684.422033979     0.000000000     0.132192672     1.766588251     0.000000000     0.000034842     0.000317513     0.000000000   2082    -1.636524487      8       3.696       0.000 / 58512.000
  165    86.70254   -20.878643583   684.420766195     0.000000000     0.132186363     1.766611004     0.000000000     0.000033373     0.000304145     0.000000000   2091    -1.636521945      8       3.712       0.000 / 58512.000
  166    87.20254   -20.878644939   684.419551848     0.000000000     0.132180323     1.766632815     0.000000000     0.000031967     0.000291340     0.000000000   2100    -1.636519511      8       3.727       0.000 / 58512.000
  167    87.70254   -20.878646235   684.418388684     0.000000000     0.132174540     1.766653721     0.000000000     0.000030620     0.000279074     0.000000000   2109    -1.636517179      8       3.743       0.000 / 58512.000
  168    88.20254   -20.878647474   684.417274543     0.000000000     0.132169003     1.766673761     0.000000000     0.000029330     0.000267325     0.000000000   2118    -1.636514947      8       3.758       0.000 / 58512.000
  169    88.70254   -20.878648656   684.416207355     0.000000000     0.132163700     1.766692968     0.000000000     0.000028094     0.000256070     0.000000000   2127    -1.636512808      8       3.773       0.000 / 58512.000
  170    89.20254   -20.878649787   684.415185140     0.000000000     0.132158623     1.766711378     0.000000000     0.000026911     0.000245290     0.000000000   2136    -1.636510760      8       3.788       0.000 / 58512.000
  171    89.70254   -20.878650867   684.414206001     0.000000000     0.132153761     1.766729022     0.000000000     0.000025777     0.000234963     0.000000000   2145    -1.636508799      8       3.803       0.000 / 58512.000
  172    90.20254   -20.878651899   684.413268120     0.000000000     0.132149106     1.766745933     0.000000000     0.000024691     0.000225071     0.000000000   2154    -1.636506920      8       3.819       0.000 / 58512.000
  173    90.70254   -20.878652886   684.412369757     0.000000000     0.132144647     1.766762140     0.000000000     0.000023651     0.000215596     0.000000000   2163    -1.636505120      8       3.834       0.000 / 58512.000
  174    91.20254   -20.878653829   684.411509247     0.000000000     0.132140378     1.766777672     0.000000000     0.000022655     0.000206519     0.000000000   2172    -1.636503397      8       3.850       0.000 / 58512.000
  175    91.70254   -20.878654731   684.410684992     0.000000000     0.132136290     1.766792557     0.000000000     0.000021701     0.000197825     0.000000000   2181    -1.636501746      8       3.865       0.000 / 58512.000
  176    92.20254   -20.878655593   684.409895464     0.000000000     0.132132374     1.766806821     0.000000000     0.000020787     0.000189497     0.000000000   2190    -1.636500166      8       3.880       0.000 / 58512.000
  177    92.70254   -20.878656417   684.409139199     0.000000000     0.132128625     1.766820491     0.000000000     0.000019912     0.000181519     0.000000000   2199    -1.636498651      8       3.896       0.000 / 58528.000
  178    93.20254   -20.878657205   684.408414794     0.000000000     0.132125034     1.766833590     0.000000000     0.000019073     0.000173877     0.000000000   2208    -1.636497201      8       3.911       0.000 / 58528.000
  179    93.70254   -20.878657958   684.407720906     0.000000000     0.132121595     1.766846143     0.000000000     0.000018270     0.000166557     0.000000000   2217    -1.636495812      8       3.926       0.000 / 58528.000
  180    94.20254   -20.878658679   684.407056249     0.000000000     0.132118302     1.766858172     0.000000000     0.000017500     0.000159546     0.000000000   2226    -1.636494481      8       3.941       0.000 / 58528.000
  181    94.70254   -20.878659368   684.406419591     0.000000000     0.132115148     1.766869698     0.000000000     0.000016763     0.000152829     0.000000000   2235    -1.636493207      8       3.957       0.000 / 58528.000
  182    95.20254   -20.878660027   684.405809752     0.000000000     0.132112127     1.766880743     0.000000000     0.000016057     0.000146395     0.000000000   2244    -1.636491986      8       3.972       0.000 / 58528.000
  183    95.70254   -20.878660658   684.405225601     0.000000000     0.132109234     1.766891326     0.000000000     0.000015381     0.000140232     0.000000000   2253    -1.636490817      8       3.987       0.000 / 58528.000
  184    96.20254   -20.878661261   684.404666055     0.000000000     0.132106464     1.766901467     0.000000000     0.000014733     0.000134328     0.000000000   2262    -1.636489698      8       4.003       0.000 / 58528.000
  185    96.70254   -20.878661838   684.404130078     0.000000000     0.132103810     1.766911183     0.000000000     0.000014113     0.000128673     0.000000000   2271    -1.636488625      8       4.018       0.000 / 58528.000
  186    97.20254   -20.878662390   684.403616677     0.000000000     0.132101269     1.766920493     0.000000000     0.000013519     0.000123256     0.000000000   2280    -1.636487598      8       4.033       0.000 / 58528.000
  187    97.70254   -20.878662918   684.403124900     0.000000000     0.132098835     1.766929414     0.000000000     0.000012949     0.000118067     0.000000000   2289    -1.636486614      8       4.049       0.000 / 58528.000
  188    98.20254   -20.878663423   684.402653837     0.000000000     0.132096503     1.766937961     0.000000000     0.000012404     0.000113096     0.000000000   2298    -1.636485671      8       4.064       0.000 / 58528.000
  189    98.70254   -20.878663907   684.402202613     0.000000000     0.132094270     1.766946150     0.000000000     0.000011882     0.000108335     0.000000000   2307    -1.636484768      8       4.080       0.000 / 58528.000
  190    99.20254   -20.878664369   684.401770394     0.000000000     0.132092132     1.766953996     0.000000000     0.000011381     0.000103774     0.000000000   2316    -1.636483903      8       4.095       0.000 / 58528.000
  191    99.70254   -20.878664812   684.401356379     0.000000000     0.132090084     1.766961513     0.000000000     0.000010902     0.000099405     0.000000000   2325    -1.636483075      8       4.110       0.000 / 58528.000
  192   100.00000   -20.878665064   684.401120444     0.000000000     0.132088917     1.766965798     0.000000000     0.000010629     0.000096916     0.000000000   2334    -1.636482603      8       4.126       0.000 / 58528.000
dimension EOM ph: 4 5
dimension EOM ppvv: 6 395
dimension EOM pphv: 396 671
dimension EOM pphh: 672 737
dimension EOM all: 738
  E_ref (valence) = -40.348   ZeroBody = -20.879   E_ref total = -40.348 MeV
In  RandomOp  norm of 1b : 19.398   norm of 2b 888.051
ArnoldiSolve: H2 (factorized double-commutator) correction ENABLED
Precalculating SixJ's
done calculating sixJs (13373 of them)  now there are 13373 entries 
Hash table has 20753 buckets and a load factor 0.644  estimated storage ~ 0.001 GB
510.793 510.793 kernels 
809.237 809.237 kernels 
787.146 787.146 kernels 
710.117 710.117 kernels 
1054.531 1054.531 kernels 
arnoldi eigenvalues @ step 5: 27.311 44.396 71.543 93.446 
735.454 735.454 kernels 
622.438 622.438 kernels 
713.686 713.686 kernels 
721.829 721.829 kernels 
645.847 645.847 kernels 
arnoldi eigenvalues @ step 10: 18.562 27.510 34.178 48.968 
828.828 828.828 kernels 
778.170 778.170 kernels 
781.648 781.648 kernels 
787.897 787.897 kernels 
736.328 736.328 kernels 
arnoldi eigenvalues @ step 15: 14.315 18.489 27.035 31.701 
637.773 637.773 kernels 
687.791 687.791 kernels 
681.881 681.881 kernels 
625.165 625.165 kernels 
745.883 745.883 kernels 
arnoldi eigenvalues @ step 20: 14.196 18.314 21.841 25.830 
801.955 801.955 kernels 
597.082 597.082 kernels 
477.686 477.686 kernels 
661.446 661.446 kernels 
560.812 560.812 kernels 
arnoldi eigenvalues @ step 25: 13.928 16.873 18.497 21.807 
536.210 536.210 kernels 
771.960 771.960 kernels 
636.956 636.956 kernels 
662.455 662.455 kernels 
581.954 581.954 kernels 
arnoldi eigenvalues @ step 30: 13.645 15.552 18.245 21.744 
526.270 526.270 kernels 
690.596 690.596 kernels 
489.916 489.916 kernels 
445.666 445.666 kernels 
620.431 620.431 kernels 
arnoldi eigenvalues @ step 35: 12.797 14.248 18.184 19.812 
862.711 862.711 kernels 
688.143 688.143 kernels 
568.166 568.166 kernels 
730.039 730.039 kernels 
717.532 717.532 kernels 
arnoldi eigenvalues @ step 40: 6.653 13.434 16.729 18.159 
491.008 491.008 kernels 
12.046 12.046 kernels 
-3293927.316 -3293927.316 kernels 
arnoldi: bj=-3293927.316 < 0 at step 43 (indefinite metric), stopping.
Arnoldi finished with 43 steps
E(0) = 6.379
E(1) = 13.425
E(2) = 15.558
E(3) = 18.154

  MR EOM eigenvalues (Arnoldi):
  E_ref = -40.348 MeV
    E(0): excitation=6.379  absolute=-33.969 MeV
    E(1): excitation=13.425  absolute=-26.923 MeV
    E(2): excitation=15.558  absolute=-24.790 MeV
    E(3): excitation=18.154  absolute=-22.193 MeV
