Read 5696 matrix elements 
ReadFile. from the input, I extracted input/NO2B_ThBME_EM1.8_2.0_3NFJmax15_IS_hw16_ms18_36_18.stream.bin  18 36 18 18
ReadFile  reading/storing with 32  bit floats. filemode is bin
Allocated a vector of size 4719115
Done reading
Calculating moshinsky with Lmax = 3
done calculating moshinsky (389 elements)
Hash table has 541 buckets and a load factor 0.719039  estimated storage ~ 1.38581e-05 GB
HartreeFock::BuildMonopoleV3  storing 26624 doubles for Vmon3 and 26624 uint64's for Vmon3_keys.
HF converged after 27 iterations. 
e1hf = 49.2856872
e2hf = -72.2747062
e3hf = 0.8605915
EHF = -22.1284275
  i:   n   l  2j 2tz            SPE         occ.   |    overlaps
  0:   0   0   1  -1     -22.735445     1.000000   |  0.980596   0.196039  
  1:   0   0   1   1     -23.605530     1.000000   |  0.979835   0.199806  
  2:   0   1   3  -1       3.473918     0.000000   |  0.994816  -0.101693  
  3:   0   1   3   1       2.361545     0.000000   |  0.996279  -0.086184  
  4:   0   1   1  -1       7.309170     0.000000   |  0.931694  -0.363244  
  5:   0   1   1   1       6.340500     0.000000   |  0.935324  -0.353792  
  6:   0   2   5  -1      14.129016     0.000000   |  1.000000  
  7:   0   2   5   1      13.090929     0.000000   |  1.000000  
  8:   0   2   3  -1      18.675777     0.000000   |  1.000000  
  9:   0   2   3   1      17.658322     0.000000   |  1.000000  
 10:   1   0   1  -1      10.193041     0.000000   | -0.196039   0.980596  
 11:   1   0   1   1       9.171274     0.000000   | -0.199806   0.979835  
 12:   0   3   7  -1      23.603819     0.000000   |  1.000000  
 13:   0   3   7   1      22.692668     0.000000   |  1.000000  
 14:   0   3   5  -1      26.224378     0.000000   |  1.000000  
 15:   0   3   5   1      25.324260     0.000000   |  1.000000  
 16:   1   1   3  -1      19.019081     0.000000   |  0.101693   0.994816  
 17:   1   1   3   1      17.954010     0.000000   |  0.086184   0.996279  
 18:   1   1   1  -1      26.933125     0.000000   |  0.363244   0.931694  
 19:   1   1   1   1      25.785733     0.000000   |  0.353792   0.935324  
    i           s              E0           ||H||      estim. err     ||Omega_1||     ||Omega_2||     ||Omega_3||       ||Eta_1||       ||Eta_2||       ||Eta_3||  Ncomm          E(MP2)  N_Ops    Walltime (s)        Memory (MB)
-------------------------------------------------------------------------------------------------------------------------------------------------------------------------------
    0     0.00000   -22.128427505   981.498660247     0.000000000     0.000000000     0.000000000     0.000000000     0.000000002     0.630535694     0.000000000      0    -4.118211003      6       0.144       0.000 / 51792.000
Precalculating SixJ's
done calculating sixJs (46734 of them)  now there are 46734 entries 
Hash table has 85229 buckets and a load factor 0.548  estimated storage ~ 0.002 GB
    1     0.15860   -23.503425279   981.018303830     0.000000000     0.000000000     0.100000000     0.000000000     0.004417907     0.520016901     0.000000000      5    -2.830455960      6       0.154       0.000 / 58976.000
    2     0.35089   -24.637956946   980.557101717     0.000000000     0.000849539     0.199971954     0.000000000     0.007945194     0.414809684     0.000000000     11    -1.817389349      6       0.160       0.000 / 59808.000
    3     0.59192   -25.534602158   980.094985202     0.000000000     0.002775710     0.299851170     0.000000000     0.010571267     0.314452724     0.000000000     19    -1.052984307      6       0.166       0.000 / 60144.000
    4     0.90975   -26.197921668   979.599498893     0.000000000     0.006163670     0.399483919     0.000000000     0.012269113     0.218982546     0.000000000     28    -0.515309843      6       0.174       0.000 / 60512.000
    5     1.36570   -26.636376962   979.006330145     0.000000000     0.011817658     0.498430580     0.000000000     0.012948899     0.129676272     0.000000000     39    -0.184035255      6       0.182       0.000 / 60592.000
    6     1.86570   -26.811225508   978.440612174     0.000000000     0.018383298     0.561174422     0.000000000     0.012664831     0.078038397     0.000000000     50    -0.068952819      6       0.191       0.000 / 60800.000
    7     2.36570   -26.881914575   977.921077044     0.000000000     0.024823610     0.596817396     0.000000000     0.012138946     0.052636117     0.000000000     62    -0.032840850      6       0.200       0.000 / 61008.000
    8     2.86570   -26.919295678   977.432293595     0.000000000     0.031010633     0.618479592     0.000000000     0.011612869     0.040333328     0.000000000     73    -0.020061722      6       0.209       0.000 / 61088.000
    9     3.36570   -26.944644120   976.968380687     0.000000000     0.036940773     0.632709258     0.000000000     0.011130615     0.034449382     0.000000000     84    -0.014910686      6       0.218       0.000 / 61200.000
   10     3.86570   -26.964996911   976.526314950     0.000000000     0.042632928     0.642903261     0.000000000     0.010691694     0.031502775     0.000000000     95    -0.012484245      6       0.227       0.000 / 61296.000
   11     4.36570   -26.982887426   976.104164543     0.000000000     0.048106499     0.650874898     0.000000000     0.010287644     0.029819366     0.000000000    106    -0.011112364      6       0.235       0.000 / 61296.000
   12     4.86570   -26.999301135   975.700518936     0.000000000     0.053377255     0.657613295     0.000000000     0.009910487     0.028663001     0.000000000    117    -0.010182473      6       0.244       0.000 / 61296.000
   13     5.36570   -27.014652530   975.314265869     0.000000000     0.058457467     0.663666260     0.000000000     0.009554113     0.027725662     0.000000000    128    -0.009455261      6       0.253       0.000 / 61296.000
   14     5.86570   -27.029132519   974.944483749     0.000000000     0.063356739     0.669339561     0.000000000     0.009214107     0.026880923     0.000000000    139    -0.008831970      6       0.262       0.000 / 61312.000
   15     6.36570   -27.042839875   974.590380476     0.000000000     0.068082755     0.674803521     0.000000000     0.008887356     0.026077430     0.000000000    150    -0.008269760      6       0.271       0.000 / 61328.000
   16     6.86570   -27.055833674   974.251254964     0.000000000     0.072641853     0.680151428     0.000000000     0.008571715     0.025294771     0.000000000    161    -0.007749123      6       0.279       0.000 / 61328.000
   17     7.36570   -27.068155181   973.926471687     0.000000000     0.077039439     0.685432238     0.000000000     0.008265737     0.024525299     0.000000000    172    -0.007260700      6       0.288       0.000 / 61344.000
   18     7.86570   -27.079837357   973.615443464     0.000000000     0.081280292     0.690669245     0.000000000     0.007968475     0.023766612     0.000000000    183    -0.006799719      6       0.296       0.000 / 61344.000
   19     8.36570   -27.090909110   973.317619762     0.000000000     0.085368780     0.695870910     0.000000000     0.007679335     0.023018421     0.000000000    194    -0.006363539      6       0.305       0.000 / 61344.000
   20     8.86570   -27.101397250   973.032478757     0.000000000     0.089309013     0.701037243     0.000000000     0.007397958     0.022281228     0.000000000    205    -0.005950540      6       0.313       0.000 / 61344.000
   21     9.36570   -27.111327377   972.759521978     0.000000000     0.093104944     0.706163602     0.000000000     0.007124141     0.021555790     0.000000000    216    -0.005559590      6       0.322       0.000 / 61344.000
   22     9.86570   -27.120724292   972.498270722     0.000000000     0.096760442     0.711242971     0.000000000     0.006857778     0.020842889     0.000000000    227    -0.005189796      6       0.331       0.000 / 61344.000
   23    10.36570   -27.129612158   972.248263683     0.000000000     0.100279327     0.716267327     0.000000000     0.006598815     0.020143251     0.000000000    238    -0.004840375      6       0.340       0.000 / 61360.000
   24    10.86570   -27.138014557   972.009055385     0.000000000     0.103665399     0.721228460     0.000000000     0.006347228     0.019457512     0.000000000    249    -0.004510590      6       0.348       0.000 / 61552.000
   25    11.36570   -27.145954487   971.780215149     0.000000000     0.106922442     0.726118459     0.000000000     0.006102997     0.018786218     0.000000000    260    -0.004199721      6       0.357       0.000 / 61552.000
   26    11.86570   -27.153454342   971.561326417     0.000000000     0.110054235     0.730929981     0.000000000     0.005866099     0.018129821     0.000000000    271    -0.003907050      6       0.366       0.000 / 61552.000
   27    12.36570   -27.160535875   971.351986291     0.000000000     0.113064541     0.735656398     0.000000000     0.005636500     0.017488690     0.000000000    282    -0.003631857      6       0.375       0.000 / 61760.000
   28    12.86570   -27.167220170   971.151805199     0.000000000     0.115957106     0.740291862     0.000000000     0.005414152     0.016863119     0.000000000    293    -0.003373417      6       0.383       0.000 / 61760.000
   29    13.36570   -27.173527614   970.960406648     0.000000000     0.118735649     0.744831320     0.000000000     0.005198990     0.016253326     0.000000000    304    -0.003131003      6       0.392       0.000 / 61760.000
   30    13.86570   -27.179477871   970.777426998     0.000000000     0.121403855     0.749270494     0.000000000     0.004990934     0.015659468     0.000000000    315    -0.002903886      6       0.401       0.000 / 61760.000
   31    14.36570   -27.185089865   970.602515266     0.000000000     0.123965367     0.753605854     0.000000000     0.004789888     0.015081639     0.000000000    326    -0.002691344      6       0.409       0.000 / 61760.000
   32    14.86570   -27.190381774   970.435332912     0.000000000     0.126423778     0.757834566     0.000000000     0.004595744     0.014519883     0.000000000    337    -0.002492659      6       0.418       0.000 / 61760.000
   33    15.36570   -27.195371019   970.275553631     0.000000000     0.128782626     0.761954443     0.000000000     0.004408380     0.013974191     0.000000000    348    -0.002307125      6       0.427       0.000 / 61872.000
   34    15.86570   -27.200074268   970.122863116     0.000000000     0.131045384     0.765963898     0.000000000     0.004227664     0.013444510     0.000000000    359    -0.002134048      6       0.436       0.000 / 61872.000
   35    16.36570   -27.204507441   969.976958818     0.000000000     0.133215459     0.769861883     0.000000000     0.004053457     0.012930747     0.000000000    370    -0.001972751      6       0.444       0.000 / 61872.000
   36    16.86570   -27.208685714   969.837549680     0.000000000     0.135296184     0.773647846     0.000000000     0.003885609     0.012432772     0.000000000    381    -0.001822575      6       0.453       0.000 / 61984.000
   37    17.36570   -27.212623539   969.704355872     0.000000000     0.137290819     0.777321677     0.000000000     0.003723968     0.011950423     0.000000000    392    -0.001682879      6       0.462       0.000 / 61984.000
   38    17.86570   -27.216334655   969.577108498     0.000000000     0.139202542     0.780883661     0.000000000     0.003568375     0.011483508     0.000000000    403    -0.001553045      6       0.471       0.000 / 61984.000
   39    18.36570   -27.219832105   969.455549300     0.000000000     0.141034453     0.784334437     0.000000000     0.003418667     0.011031808     0.000000000    414    -0.001432479      6       0.479       0.000 / 61984.000
   40    18.86570   -27.223128259   969.339430360     0.000000000     0.142789566     0.787674957     0.000000000     0.003274681     0.010595083     0.000000000    425    -0.001320609      6       0.488       0.000 / 61984.000
   41    19.36570   -27.226234836   969.228513789     0.000000000     0.144470813     0.790906446     0.000000000     0.003136252     0.010173072     0.000000000    436    -0.001216887      6       0.497       0.000 / 61984.000
   42    19.86570   -27.229162924   969.122571411     0.000000000     0.146081041     0.794030369     0.000000000     0.003003211     0.009765497     0.000000000    447    -0.001120792      6       0.506       0.000 / 61984.000
   43    20.36570   -27.231923005   969.021384454     0.000000000     0.147623011     0.797048400     0.000000000     0.002875394     0.009372064     0.000000000    458    -0.001031825      6       0.514       0.000 / 61984.000
   44    20.86570   -27.234524980   968.924743234     0.000000000     0.149099400     0.799962388     0.000000000     0.002752635     0.008992469     0.000000000    469    -0.000949515      6       0.523       0.000 / 61984.000
   45    21.36570   -27.236978193   968.832446842     0.000000000     0.150512800     0.802774335     0.000000000     0.002634769     0.008626394     0.000000000    480    -0.000873411      6       0.532       0.000 / 61984.000
   46    21.86570   -27.239291457   968.744302835     0.000000000     0.151865719     0.805486369     0.000000000     0.002521635     0.008273517     0.000000000    491    -0.000803092      6       0.541       0.000 / 61984.000
   47    22.36570   -27.241473077   968.660126931     0.000000000     0.153160582     0.808100724     0.000000000     0.002413071     0.007933507     0.000000000    502    -0.000738154      6       0.549       0.000 / 61984.000
   48    22.86570   -27.243530875   968.579742706     0.000000000     0.154399731     0.810619718     0.000000000     0.002308919     0.007606027     0.000000000    513    -0.000678222      6       0.558       0.000 / 62112.000
   49    23.36570   -27.245472214   968.502981298     0.000000000     0.155585429     0.813045733     0.000000000     0.002209026     0.007290740     0.000000000    524    -0.000622939      6       0.567       0.000 / 62112.000
   50    23.86570   -27.247304020   968.429681120     0.000000000     0.156719858     0.815381204     0.000000000     0.002113238     0.006987305     0.000000000    535    -0.000571972      6       0.576       0.000 / 62112.000
   51    24.36570   -27.249032810   968.359687576     0.000000000     0.157805123     0.817628601     0.000000000     0.002021408     0.006695379     0.000000000    546    -0.000525007      6       0.584       0.000 / 62112.000
   52    24.86570   -27.250664706   968.292852786     0.000000000     0.158843254     0.819790416     0.000000000     0.001933389     0.006414624     0.000000000    557    -0.000481752      6       0.593       0.000 / 62112.000
   53    25.36570   -27.252205464   968.229035317     0.000000000     0.159836204     0.821869151     0.000000000     0.001849041     0.006144699     0.000000000    568    -0.000441930      6       0.602       0.000 / 62112.000
   54    25.86570   -27.253660491   968.168099923     0.000000000     0.160785857     0.823867310     0.000000000     0.001768225     0.005885267     0.000000000    579    -0.000405286      6       0.610       0.000 / 62112.000
   55    26.36570   -27.255034863   968.109917295     0.000000000     0.161694024     0.825787387     0.000000000     0.001690807     0.005635996     0.000000000    590    -0.000371581      6       0.619       0.000 / 62112.000
   56    26.86570   -27.256333349   968.054363813     0.000000000     0.162562447     0.827631860     0.000000000     0.001616657     0.005396555     0.000000000    601    -0.000340590      6       0.628       0.000 / 62112.000
   57    27.36570   -27.257560425   968.001321312     0.000000000     0.163392802     0.829403184     0.000000000     0.001545648     0.005166619     0.000000000    612    -0.000312108      6       0.637       0.000 / 62128.000
   58    27.86570   -27.258719866   967.950725211     0.000000000     0.164188696     0.831102465     0.000000000     0.001475825     0.004948472     0.000000000    623    -0.000286041      6       0.646       0.000 / 62128.000
   59    28.36570   -27.259815927   967.902404616     0.000000000     0.164948636     0.832733640     0.000000000     0.001409772     0.004737793     0.000000000    634    -0.000262064      6       0.654       0.000 / 62128.000
   60    28.86570   -27.260852395   967.856261562     0.000000000     0.165674569     0.834298913     0.000000000     0.001346990     0.004535060     0.000000000    645    -0.000240030      6       0.664       0.000 / 62144.000
   61    29.36570   -27.261832783   967.812200352     0.000000000     0.166368180     0.835800560     0.000000000     0.001287156     0.004340296     0.000000000    656    -0.000219794      6       0.672       0.000 / 62144.000
   62    29.86570   -27.262760371   967.770128535     0.000000000     0.167030989     0.837240842     0.000000000     0.001230046     0.004153350     0.000000000    667    -0.000201219      6       0.681       0.000 / 62144.000
   63    30.36570   -27.263638227   967.729957251     0.000000000     0.167664396     0.838621978     0.000000000     0.001175487     0.003973999     0.000000000    678    -0.000184176      6       0.690       0.000 / 62144.000
   64    30.86570   -27.264469228   967.691601311     0.000000000     0.168269715     0.839946129     0.000000000     0.001123340     0.003801996     0.000000000    689    -0.000168544      6       0.700       0.000 / 62144.000
   65    31.36570   -27.265256068   967.654979161     0.000000000     0.168848188     0.841215404     0.000000000     0.001073486     0.003637086     0.000000000    700    -0.000154212      6       0.709       0.000 / 62160.000
   66    31.86570   -27.266001276   967.620012787     0.000000000     0.169400993     0.842431851     0.000000000     0.001025816     0.003479013     0.000000000    711    -0.000141073      6       0.718       0.000 / 62160.000
   67    32.36570   -27.266707227   967.586627606     0.000000000     0.169929255     0.843597466     0.000000000     0.000980232     0.003327525     0.000000000    722    -0.000129034      6       0.727       0.000 / 62160.000
   68    32.86570   -27.267376146   967.554752330     0.000000000     0.170434048     0.844714182     0.000000000     0.000936644     0.003182374     0.000000000    733    -0.000118004      6       0.736       0.000 / 62160.000
   69    33.36570   -27.268010125   967.524318843     0.000000000     0.170916399     0.845783882     0.000000000     0.000894963     0.003043319     0.000000000    744    -0.000107900      6       0.745       0.000 / 62160.000
   70    33.86570   -27.268611129   967.495262070     0.000000000     0.171377289     0.846808386     0.000000000     0.000855108     0.002910126     0.000000000    755    -0.000098648      6       0.754       0.000 / 62160.000
   71    34.36570   -27.269181001   967.467519845     0.000000000     0.171817658     0.847789461     0.000000000     0.000817001     0.002782567     0.000000000    766    -0.000090177      6       0.763       0.000 / 62160.000
   72    34.86570   -27.269721476   967.441032790     0.000000000     0.172238406     0.848728818     0.000000000     0.000780567     0.002660420     0.000000000    777    -0.000082424      6       0.771       0.000 / 62160.000
   73    35.36570   -27.270234182   967.415744191     0.000000000     0.172640394     0.849628112     0.000000000     0.000745735     0.002543473     0.000000000    788    -0.000075327      6       0.781       0.000 / 62160.000
   74    35.86570   -27.270720650   967.391599885     0.000000000     0.173024447     0.850488941     0.000000000     0.000712435     0.002431518     0.000000000    799    -0.000068834      6       0.790       0.000 / 62160.000
   75    36.36570   -27.271182322   967.368548148     0.000000000     0.173391352     0.851312853     0.000000000     0.000680603     0.002324356     0.000000000    810    -0.000062893      6       0.799       0.000 / 62160.000
   76    36.86570   -27.271620551   967.346539581     0.000000000     0.173741867     0.852101339     0.000000000     0.000650175     0.002221792     0.000000000    821    -0.000057459      6       0.808       0.000 / 62160.000
   77    37.36570   -27.272036612   967.325527014     0.000000000     0.174076713     0.852855842     0.000000000     0.000621091     0.002123641     0.000000000    832    -0.000052489      6       0.817       0.000 / 62160.000
   78    37.86570   -27.272431704   967.305465404     0.000000000     0.174396582     0.853577749     0.000000000     0.000593293     0.002029723     0.000000000    843    -0.000047945      6       0.826       0.000 / 62160.000
   79    38.36570   -27.272806955   967.286311739     0.000000000     0.174702137     0.854268401     0.000000000     0.000566725     0.001939865     0.000000000    854    -0.000043789      6       0.835       0.000 / 62160.000
   80    38.86570   -27.273163430   967.268024949     0.000000000     0.174994011     0.854929089     0.000000000     0.000541334     0.001853898     0.000000000    865    -0.000039991      6       0.844       0.000 / 62160.000
   81    39.36570   -27.273502130   967.250565818     0.000000000     0.175272809     0.855561054     0.000000000     0.000517069     0.001771662     0.000000000    876    -0.000036518      6       0.853       0.000 / 62160.000
   82    39.86570   -27.273823998   967.233896900     0.000000000     0.175539112     0.856165495     0.000000000     0.000493882     0.001693003     0.000000000    887    -0.000033345      6       0.862       0.000 / 62160.000
   83    40.36570   -27.274129923   967.217982442     0.000000000     0.175793474     0.856743562     0.000000000     0.000471725     0.001617770     0.000000000    898    -0.000030445      6       0.871       0.000 / 62160.000
   84    40.86570   -27.274420744   967.202788307     0.000000000     0.176036427     0.857296363     0.000000000     0.000450553     0.001545820     0.000000000    909    -0.000027795      6       0.880       0.000 / 62160.000
   85    41.36570   -27.274697252   967.188281898     0.000000000     0.176268476     0.857824963     0.000000000     0.000430324     0.001477016     0.000000000    920    -0.000025374      6       0.889       0.000 / 62160.000
   86    41.86570   -27.274960193   967.174432096     0.000000000     0.176490107     0.858330386     0.000000000     0.000410996     0.001411225     0.000000000    931    -0.000023162      6       0.898       0.000 / 62160.000
   87    42.36570   -27.275210270   967.161209185     0.000000000     0.176701785     0.858813614     0.000000000     0.000392529     0.001348318     0.000000000    942    -0.000021142      6       0.907       0.000 / 62160.000
   88    42.86570   -27.275448149   967.148584794     0.000000000     0.176903952     0.859275593     0.000000000     0.000374886     0.001288174     0.000000000    953    -0.000019297      6       0.916       0.000 / 62160.000
   89    43.36570   -27.275674458   967.136531836     0.000000000     0.177097033     0.859717230     0.000000000     0.000358031     0.001230675     0.000000000    964    -0.000017612      6       0.925       0.000 / 62160.000
   90    43.86570   -27.275889788   967.125024449     0.000000000     0.177281434     0.860139396     0.000000000     0.000341928     0.001175708     0.000000000    975    -0.000016073      6       0.934       0.000 / 62160.000
   91    44.36570   -27.276094699   967.114037938     0.000000000     0.177457543     0.860542926     0.000000000     0.000326546     0.001123165     0.000000000    986    -0.000014667      6       0.943       0.000 / 62160.000
   92    44.86570   -27.276289723   967.103548730     0.000000000     0.177625729     0.860928623     0.000000000     0.000311851     0.001072941     0.000000000    997    -0.000013384      6       0.952       0.000 / 62160.000
   93    45.36570   -27.276475358   967.093534315     0.000000000     0.177786347     0.861297255     0.000000000     0.000297814     0.001024936     0.000000000   1008    -0.000012213      6       0.961       0.000 / 62160.000
   94    45.86570   -27.276648395   967.084053995     0.000000000     0.177935165     0.861646470     0.000000000     0.000288489     0.000975797     0.000000000   1018    -0.000011092      6       0.970       0.000 / 62160.000
   95    46.36570   -27.276813644   967.075030917     0.000000000     0.178079324     0.861979881     0.000000000     0.000277982     0.000930119     0.000000000   1028    -0.000010087      6       0.978       0.000 / 62160.000
   96    46.86570   -27.276971297   967.066435252     0.000000000     0.178218232     0.862298264     0.000000000     0.000266990     0.000887128     0.000000000   1038    -0.000009179      6       0.987       0.000 / 62160.000
   97    47.36570   -27.277121608   967.058242107     0.000000000     0.178351648     0.862602312     0.000000000     0.000255908     0.000846413     0.000000000   1048    -0.000008358      6       0.995       0.000 / 62160.000
   98    47.86570   -27.277264861   967.050429757     0.000000000     0.178479526     0.862892670     0.000000000     0.000244961     0.000807729     0.000000000   1058    -0.000007612      6       1.003       0.000 / 62160.000
   99    48.36570   -27.277401353   967.042978675     0.000000000     0.178601934     0.863169954     0.000000000     0.000234276     0.000770905     0.000000000   1068    -0.000006934      6       1.012       0.000 / 62160.000
  100    48.86570   -27.277531386   967.035870969     0.000000000     0.178719003     0.863434748     0.000000000     0.000223925     0.000735813     0.000000000   1078    -0.000006317      6       1.020       0.000 / 62160.000
  101    49.36570   -27.277655255   967.029090029     0.000000000     0.178830900     0.863687610     0.000000000     0.000213943     0.000702350     0.000000000   1088    -0.000005755      6       1.029       0.000 / 62176.000
  102    49.86570   -27.277773250   967.022620307     0.000000000     0.178937808     0.863929073     0.000000000     0.000204347     0.000670425     0.000000000   1098    -0.000005244      6       1.037       0.000 / 62176.000
  103    50.00000   -27.277803466   967.020961929     0.000000000     0.178965236     0.863991000     0.000000000     0.000201875     0.000662243     0.000000000   1108    -0.000005117      6       1.046       0.000 / 62176.000
pushing back another Omega. Omega.size = 1 , operator size = 0.099 MB,  memory usage = 0.000 GB
    0    50.00000   -27.277803466   967.020961929     0.000000000     0.000000000     0.000000000     0.000000000     0.085356288     5.160901866     0.000000000   1108    -0.000005117      7       1.046       0.000 / 62192.000
    1    50.01937   -27.277803721   966.868324730     0.000000000     0.001653676     0.099986326     0.000000000     0.077512217     5.035116341     0.000000000   1113    -0.000005103      7       1.050       0.000 / 62224.000
    2    50.03923   -27.277803982   966.724598411     0.000000000     0.003192723     0.199971668     0.000000000     0.069824276     4.911465786     0.000000000   1118    -0.000005089      7       1.055       0.000 / 62224.000
    3    50.05959   -27.277804248   966.589978330     0.000000000     0.004613500     0.299953271     0.000000000     0.062309703     4.789829841     0.000000000   1124    -0.000005075      7       1.060       0.000 / 62224.000
    4    50.08047   -27.277804520   966.464655874     0.000000000     0.005912456     0.399928434     0.000000000     0.054992194     4.670105713     0.000000000   1130    -0.000005060      7       1.065       0.000 / 62224.000
    5    50.10188   -27.277804799   966.348819337     0.000000000     0.007086155     0.499894439     0.000000000     0.047906223     4.552205304     0.000000000   1137    -0.000005044      7       1.071       0.000 / 62224.000
    6    50.12384   -27.277805084   966.242595846     0.000000000     0.008131319     0.599848748     0.000000000     0.041106392     4.436053626     0.000000000   1145    -0.000005028      7       1.077       0.000 / 62224.000
    7    50.14639   -27.277805375   966.146202256     0.000000000     0.009044918     0.699788327     0.000000000     0.034678676     4.321584433     0.000000000   1153    -0.000005011      7       1.084       0.000 / 62224.000
    8    50.16952   -27.277805673   966.059816247     0.000000000     0.009824213     0.799710137     0.000000000     0.028773619     4.208741496     0.000000000   1161    -0.000004994      7       1.091       0.000 / 62320.000
    9    50.19328   -27.277805978   965.983614725     0.000000000     0.010466905     0.899610935     0.000000000     0.023661376     4.097476517     0.000000000   1170    -0.000004976      7       1.099       0.000 / 62320.000
   10    50.21769   -27.277806290   965.917774379     0.000000000     0.010971322     0.999487235     0.000000000     0.019812507     3.987748195     0.000000000   1179    -0.000004958      7       1.106       0.000 / 62320.000
   11    50.24277   -27.277806610   965.862472211     0.000000000     0.011336689     1.099335261     0.000000000     0.017887782     3.879521492     0.000000000   1188    -0.000004939      7       1.114       0.000 / 62320.000
   12    50.26621   -27.277806908   965.821620545     0.000000000     0.011542451     1.190125527     0.000000000     0.018196748     3.782373872     0.000000000   1197    -0.000004921      7       1.121       0.000 / 62320.000
   13    50.28842   -27.277807189   965.791991964     0.000000000     0.011627833     1.273961388     0.000000000     0.020061646     3.693713757     0.000000000   1206    -0.000004904      7       1.129       0.000 / 62320.000
   14    50.30967   -27.277807457   965.771435908     0.000000000     0.011619945     1.352253106     0.000000000     0.022774656     3.611809867     0.000000000   1216    -0.000004887      7       1.137       0.000 / 62320.000
   15    50.33015   -27.277807714   965.758440219     0.000000000     0.011539025     1.425985681     0.000000000     0.025868080     3.535454383     0.000000000   1226    -0.000004871      7       1.146       0.000 / 62448.000
   16    50.34998   -27.277807963   965.751891329     0.000000000     0.011401284     1.495880173     0.000000000     0.029089623     3.463764240     0.000000000   1236    -0.000004856      7       1.154       0.000 / 62544.000
   17    50.36928   -27.277808204   965.750939755     0.000000000     0.011220547     1.562483692     0.000000000     0.032312150     3.396070287     0.000000000   1246    -0.000004841      7       1.162       0.000 / 62544.000
   18    50.38812   -27.277808439   965.754919167     0.000000000     0.011009291     1.626223280     0.000000000     0.035472995     3.331850936     0.000000000   1256    -0.000004826      7       1.171       0.000 / 62544.000
   19    50.40658   -27.277808668   965.763294976     0.000000000     0.010779335     1.687439995     0.000000000     0.038542117     3.270690196     0.000000000   1266    -0.000004811      7       1.179       0.000 / 62544.000
   20    50.42470   -27.277808892   965.775630198     0.000000000     0.010542331     1.746411442     0.000000000     0.041506220     3.212249950     0.000000000   1276    -0.000004797      7       1.187       0.000 / 62560.000
   21    50.44252   -27.277809112   965.791561984     0.000000000     0.010310100     1.803367223     0.000000000     0.044360760     3.156250953     0.000000000   1287    -0.000004783      7       1.197       0.000 / 62560.000
   22    50.46009   -27.277809328   965.810784976     0.000000000     0.010094813     1.858499837     0.000000000     0.047105802     3.102459420     0.000000000   1298    -0.000004769      7       1.206       0.000 / 62560.000
   23    50.47743   -27.277809541   965.833039207     0.000000000     0.009909031     1.911972596     0.000000000     0.049743824     3.050677310     0.000000000   1309    -0.000004755      7       1.215       0.000 / 62560.000
   24    50.49457   -27.277809751   965.858103196     0.000000000     0.009765602     1.963925387     0.000000000     0.052278880     3.000734501     0.000000000   1321    -0.000004741      7       1.225       0.000 / 62560.000
   25    50.51154   -27.277809958   965.885781024     0.000000000     0.009677028     2.014479352     0.000000000     0.054714861     2.952485266     0.000000000   1333    -0.000004727      7       1.235       0.000 / 62560.000
pushing back another Omega. Omega.size = 2 , operator size = 0.099 MB,  memory usage = 0.000 GB
   26    50.54540   -27.277810370   965.948489486     0.000000000     0.001852862     0.099982833     0.000000000     0.059438079     2.858774744     0.000000000   1338    -0.000004700      8       1.239       0.000 / 62592.000
   27    50.58037   -27.277810792   966.023882949     0.000000000     0.003931159     0.199956213     0.000000000     0.064009784     2.766491433     0.000000000   1343    -0.000004672      8       1.243       0.000 / 62592.000
   28    50.61651   -27.277811227   966.112186267     0.000000000     0.006243288     0.299913725     0.000000000     0.068414775     2.675654522     0.000000000   1349    -0.000004644      8       1.249       0.000 / 62592.000
   29    50.65387   -27.277811673   966.213631401     0.000000000     0.008797681     0.399848084     0.000000000     0.072640866     2.586287942     0.000000000   1355    -0.000004614      8       1.254       0.000 / 62592.000
   30    50.69252   -27.277812132   966.328378336     0.000000000     0.011602825     0.499750935     0.000000000     0.076676383     2.498419247     0.000000000   1361    -0.000004583      8       1.259       0.000 / 62592.000
   31    50.73253   -27.277812603   966.456709324     0.000000000     0.014667220     0.599612841     0.000000000     0.080513301     2.412083098     0.000000000   1369    -0.000004550      8       1.266       0.000 / 62592.000
   32    50.77396   -27.277813088   966.598867167     0.000000000     0.017999437     0.699423013     0.000000000     0.084143633     2.327318666     0.000000000   1377    -0.000004517      8       1.272       0.000 / 62592.000
   33    50.81690   -27.277813587   966.755100590     0.000000000     0.021608074     0.799169149     0.000000000     0.087560114     2.244170634     0.000000000   1385    -0.000004482      8       1.279       0.000 / 62608.000
   34    50.86143   -27.277814101   966.925663472     0.000000000     0.025501717     0.898837212     0.000000000     0.090756055     2.162689374     0.000000000   1394    -0.000004447      8       1.287       0.000 / 62608.000
   35    50.90763   -27.277814629   967.110813679     0.000000000     0.029688886     0.998411198     0.000000000     0.093725254     2.082931085     0.000000000   1403    -0.000004409      8       1.294       0.000 / 62608.000
   36    50.95559   -27.277815173   967.310811404     0.000000000     0.034177967     1.097872868     0.000000000     0.096461962     2.004957879     0.000000000   1412    -0.000004371      8       1.302       0.000 / 62608.000
   37    51.00094   -27.277815684   967.506353697     0.000000000     0.038547105     1.188298958     0.000000000     0.098737365     1.935612723     0.000000000   1421    -0.000004334      8       1.309       0.000 / 62608.000
   38    51.04434   -27.277816168   967.698553052     0.000000000     0.042826250     1.271718723     0.000000000     0.100654697     1.872983891     0.000000000   1430    -0.000004300      8       1.317       0.000 / 62608.000
   39    51.08624   -27.277816632   967.888271058     0.000000000     0.047037947     1.349543502     0.000000000     0.102284487     1.815752002     0.000000000   1440    -0.000004266      8       1.325       0.000 / 62608.000
   40    51.12696   -27.277817079   968.076092465     0.000000000     0.051197498     1.422758502     0.000000000     0.103676341     1.762994607     0.000000000   1450    -0.000004234      8       1.334       0.000 / 62608.000
   41    51.16673   -27.277817513   968.262432373     0.000000000     0.055315740     1.492084507     0.000000000     0.104866850     1.714035654     0.000000000   1460    -0.000004202      8       1.342       0.000 / 62608.000
   42    51.20573   -27.277817935   968.447595217     0.000000000     0.059400578     1.558068078     0.000000000     0.105884016     1.668361457     0.000000000   1470    -0.000004171      8       1.350       0.000 / 62608.000
   43    51.24410   -27.277818347   968.631809655     0.000000000     0.063457907     1.621135538     0.000000000     0.106749897     1.625570357     0.000000000   1480    -0.000004141      8       1.359       0.000 / 62608.000
   44    51.28193   -27.277818751   968.815255330     0.000000000     0.067491674     1.681628644     0.000000000     0.107482870     1.585339150     0.000000000   1491    -0.000004111      8       1.368       0.000 / 62608.000
   45    51.31933   -27.277819147   968.998062981     0.000000000     0.071505772     1.739822694     0.000000000     0.108097027     1.547407138     0.000000000   1502    -0.000004082      8       1.376       0.000 / 62656.000
   46    51.35635   -27.277819537   969.180337779     0.000000000     0.075502809     1.795946420     0.000000000     0.108604632     1.511556535     0.000000000   1513    -0.000004053      8       1.385       0.000 / 62656.000
   47    51.39306   -27.277819920   969.362161789     0.000000000     0.079484779     1.850191464     0.000000000     0.109016100     1.477603976     0.000000000   1525    -0.000004024      8       1.394       0.000 / 62656.000
   48    51.42951   -27.277820298   969.543598890     0.000000000     0.083453192     1.902720305     0.000000000     0.109340392     1.445393120     0.000000000   1537    -0.000003995      8       1.403       0.000 / 62656.000
   49    51.46573   -27.277820672   969.724698397     0.000000000     0.087409177     1.953672134     0.000000000     0.109585302     1.414789157     0.000000000   1549    -0.000003967      8       1.413       0.000 / 62656.000
   50    51.50176   -27.277821040   969.905497808     0.000000000     0.091353552     2.003167287     0.000000000     0.109757679     1.385674675     0.000000000   1561    -0.000003940      8       1.422       0.000 / 62752.000
pushing back another Omega. Omega.size = 3 , operator size = 0.099 MB,  memory usage = 0.000 GB
   51    51.57371   -27.277821770   970.268855511     0.000000000     0.007896152     0.099687766     0.000000000     0.109968830     1.330373857     0.000000000   1566    -0.000003885      9       1.426       0.000 / 62768.000
   52    51.64862   -27.277822520   970.648796741     0.000000000     0.016134051     0.199320890     0.000000000     0.109934806     1.277772851     0.000000000   1571    -0.000003828      9       1.430       0.000 / 62768.000
   53    51.72659   -27.277823288   971.045169243     0.000000000     0.024705973     0.298867824     0.000000000     0.109663009     1.227931904     0.000000000   1577    -0.000003770      9       1.435       0.000 / 62768.000
   54    51.80771   -27.277824076   971.457668099     0.000000000     0.033601213     0.398292931     0.000000000     0.109161968     1.180895079     0.000000000   1583    -0.000003710      9       1.440       0.000 / 62768.000
   55    51.89203   -27.277824882   971.885952484     0.000000000     0.042805887     0.497558232     0.000000000     0.108443606     1.136685743     0.000000000   1590    -0.000003648      9       1.445       0.000 / 62768.000
   56    51.97960   -27.277825704   972.329541182     0.000000000     0.052303002     0.596623210     0.000000000     0.107521399     1.095303766     0.000000000   1598    -0.000003585      9       1.451       0.000 / 62768.000
   57    52.07047   -27.277826543   972.787837753     0.000000000     0.062072531     0.695446093     0.000000000     0.106410795     1.056722759     0.000000000   1606    -0.000003520      9       1.458       0.000 / 62784.000
   58    52.16462   -27.277827397   973.260133739     0.000000000     0.072091671     0.793985141     0.000000000     0.105129004     1.020888506     0.000000000   1614    -0.000003454      9       1.464       0.000 / 62784.000
   59    52.26206   -27.277828264   973.745617229     0.000000000     0.082335248     0.892200108     0.000000000     0.103694704     0.987718731     0.000000000   1622    -0.000003386      9       1.470       0.000 / 62784.000
   60    52.36275   -27.277829143   974.243386721     0.000000000     0.092776271     0.990053783     0.000000000     0.102127656     0.957104341     0.000000000   1631    -0.000003317      9       1.477       0.000 / 62784.000
   61    52.46664   -27.277830030   974.752469332     0.000000000     0.103386594     1.087513305     0.000000000     0.100448229     0.928912296     0.000000000   1641    -0.000003247      9       1.485       0.000 / 62784.000
   62    52.56462   -27.277830851   975.227704474     0.000000000     0.113228074     1.176327345     0.000000000     0.098827125     0.905130238     0.000000000   1651    -0.000003182      9       1.492       0.000 / 62784.000
   63    52.65755   -27.277831613   975.674052164     0.000000000     0.122412608     1.258077916     0.000000000     0.097273638     0.884738784     0.000000000   1662    -0.000003122      9       1.500       0.000 / 62784.000
   64    52.74644   -27.277832329   976.096837894     0.000000000     0.131058579     1.334201732     0.000000000     0.095785235     0.866953004     0.000000000   1674    -0.000003065      9       1.509       0.000 / 62784.000
   65    52.83196   -27.277833005   976.499814884     0.000000000     0.139249978     1.405704548     0.000000000     0.094359104     0.851227541     0.000000000   1686    -0.000003011      9       1.518       0.000 / 62784.000
   66    52.91462   -27.277833648   976.885759125     0.000000000     0.147049489     1.473323644     0.000000000     0.092992215     0.837167200     0.000000000   1698    -0.000002959      9       1.527       0.000 / 62784.000
   67    52.99480   -27.277834260   977.256802196     0.000000000     0.154505652     1.537619254     0.000000000     0.091681496     0.824476005     0.000000000   1710    -0.000002910      9       1.537       0.000 / 62784.000
   68    53.07280   -27.277834846   977.614629924     0.000000000     0.161657156     1.599029281     0.000000000     0.090423932     0.812926538     0.000000000   1722    -0.000002862      9       1.546       0.000 / 62784.000
   69    53.14887   -27.277835409   977.960607772     0.000000000     0.168535557     1.657903905     0.000000000     0.089216612     0.802340432     0.000000000   1734    -0.000002817      9       1.556       0.000 / 62880.000
   70    53.22320   -27.277835950   978.295863604     0.000000000     0.175167086     1.714528464     0.000000000     0.088056757     0.792575424     0.000000000   1746    -0.000002773      9       1.565       0.000 / 62880.000
   71    53.29597   -27.277836471   978.621344386     0.000000000     0.181573892     1.769139155     0.000000000     0.086941735     0.783516436     0.000000000   1759    -0.000002730      9       1.576       0.000 / 62880.000
   72    53.36729   -27.277836974   978.937856253     0.000000000     0.187774919     1.821934131     0.000000000     0.085869057     0.775069259     0.000000000   1772    -0.000002689      9       1.586       0.000 / 63072.000
   73    53.43731   -27.277837460   979.246093584     0.000000000     0.193786556     1.873081556     0.000000000     0.084836381     0.767155968     0.000000000   1785    -0.000002649      9       1.597       0.000 / 63184.000
   74    53.50611   -27.277837931   979.546660595     0.000000000     0.199623115     1.922725584     0.000000000     0.083841509     0.759711518     0.000000000   1798    -0.000002610      9       1.607       0.000 / 63184.000
   75    53.57379   -27.277838388   979.840087702     0.000000000     0.205297196     1.970990879     0.000000000     0.082882375     0.752681176     0.000000000   1811    -0.000002573      9       1.617       0.000 / 63184.000
   76    53.64043   -27.277838831   980.126844136     0.000000000     0.210819974     2.017986092     0.000000000     0.081957045     0.746018557     0.000000000   1824    -0.000002536      9       1.628       0.000 / 63184.000
pushing back another Omega. Omega.size = 4 , operator size = 0.099 MB,  memory usage = 0.000 GB
   77    53.77368   -27.277839702   980.696664310     0.000000000     0.010920225     0.099401955     0.000000000     0.080143740     0.733253870     0.000000000   1829    -0.000002465     10       1.632       0.000 / 63216.000
   78    53.90925   -27.277840563   981.268069084     0.000000000     0.021785364     0.198791639     0.000000000     0.078376655     0.721141283     0.000000000   1834    -0.000002394     10       1.636       0.000 / 63216.000
   79    54.04711   -27.277841414   981.840608106     0.000000000     0.032590056     0.298154654     0.000000000     0.076659204     0.709589229     0.000000000   1840    -0.000002324     10       1.642       0.000 / 63216.000
   80    54.18722   -27.277842253   982.413892774     0.000000000     0.043330663     0.397479337     0.000000000     0.074993534     0.698518638     0.000000000   1846    -0.000002255     10       1.647       0.000 / 63216.000
   81    54.32956   -27.277843081   982.987649383     0.000000000     0.054005011     0.496757278     0.000000000     0.073380639     0.687863115     0.000000000   1853    -0.000002186     10       1.653       0.000 / 63216.000
   82    54.47412   -27.277843895   983.561562613     0.000000000     0.064612105     0.595980717     0.000000000     0.071820882     0.677564226     0.000000000   1861    -0.000002118     10       1.659       0.000 / 63216.000
   83    54.62088   -27.277844696   984.135395185     0.000000000     0.075151974     0.695143996     0.000000000     0.070313745     0.667573570     0.000000000   1869    -0.000002051     10       1.666       0.000 / 63216.000
   84    54.76985   -27.277845483   984.708945770     0.000000000     0.085625427     0.794242719     0.000000000     0.068858137     0.657850584     0.000000000   1877    -0.000001985     10       1.673       0.000 / 63216.000
   85    54.92104   -27.277846256   985.282043492     0.000000000     0.096033872     0.893273475     0.000000000     0.067452521     0.648361463     0.000000000   1885    -0.000001920     10       1.680       0.000 / 63216.000
   86    55.07444   -27.277847014   985.854542999     0.000000000     0.106379158     0.992233587     0.000000000     0.066095026     0.639078172     0.000000000   1894    -0.000001856     10       1.687       0.000 / 63232.000
   87    55.23009   -27.277847758   986.426320117     0.000000000     0.116663444     1.091120909     0.000000000     0.064783547     0.629977554     0.000000000   1903    -0.000001792     10       1.694       0.000 / 63232.000
   88    55.37399   -27.277848422   986.946476766     0.000000000     0.125981992     1.181163883     0.000000000     0.063628507     0.621825657     0.000000000   1912    -0.000001736     10       1.702       0.000 / 63232.000
   89    55.50867   -27.277849025   987.426194266     0.000000000     0.134547533     1.264283257     0.000000000     0.062593241     0.614404033     0.000000000   1922    -0.000001684     10       1.710       0.000 / 63232.000
   90    55.63602   -27.277849577   987.873666508     0.000000000     0.142514702     1.341887123     0.000000000     0.061651977     0.607558053     0.000000000   1933    -0.000001636     10       1.719       0.000 / 63248.000
   91    55.75737   -27.277850089   988.294615663     0.000000000     0.149991353     1.414958019     0.000000000     0.060786779     0.601180676     0.000000000   1944    -0.000001592     10       1.728       0.000 / 63248.000
   92    55.87368   -27.277850567   988.693231303     0.000000000     0.157056315     1.484214939     0.000000000     0.059984612     0.595194308     0.000000000   1955    -0.000001551     10       1.737       0.000 / 63248.000
   93    55.98568   -27.277851015   989.072693077     0.000000000     0.163769301     1.550203285     0.000000000     0.059235658     0.589540586     0.000000000   1966    -0.000001512     10       1.746       0.000 / 63248.000
   94    56.09395   -27.277851437   989.435483564     0.000000000     0.170176849     1.613348685     0.000000000     0.058532312     0.584174318     0.000000000   1977    -0.000001475     10       1.755       0.000 / 63248.000
   95    56.19894   -27.277851836   989.783586137     0.000000000     0.176316068     1.673991032     0.000000000     0.057868546     0.579059664     0.000000000   1988    -0.000001440     10       1.764       0.000 / 63264.000
   96    56.30103   -27.277852215   990.118615761     0.000000000     0.182217117     1.732406964     0.000000000     0.057239495     0.574167640     0.000000000   1999    -0.000001407     10       1.773       0.000 / 63264.000
   97    56.40052   -27.277852576   990.441908633     0.000000000     0.187904903     1.788825282     0.000000000     0.056641165     0.569474412     0.000000000   2011    -0.000001375     10       1.783       0.000 / 63264.000
   98    56.49767   -27.277852921   990.754585512     0.000000000     0.193400278     1.843437825     0.000000000     0.056070236     0.564960100     0.000000000   2023    -0.000001345     10       1.793       0.000 / 63264.000
   99    56.59270   -27.277853250   991.057597610     0.000000000     0.198720906     1.896407357     0.000000000     0.055523913     0.560607917     0.000000000   2035    -0.000001316     10       1.802       0.000 / 63264.000
  100    56.68579   -27.277853566   991.351760606     0.000000000     0.203881908     1.947873406     0.000000000     0.054999819     0.556403531     0.000000000   2047    -0.000001288     10       1.812       0.000 / 63264.000
  101    56.77711   -27.277853870   991.637780328     0.000000000     0.208896344     1.997956672     0.000000000     0.054495916     0.552334596     0.000000000   2059    -0.000001261     10       1.822       0.000 / 63264.000
pushing back another Omega. Omega.size = 5 , operator size = 0.099 MB,  memory usage = 0.000 GB
  102    56.95729   -27.277854453   992.197890806     0.000000000     0.009818792     0.099516789     0.000000000     0.053519443     0.544490515     0.000000000   2063    -0.000001210     11       1.825       0.000 / 63280.000
  103    57.14006   -27.277855020   992.756560595     0.000000000     0.019600820     0.199031903     0.000000000     0.052565878     0.536743994     0.000000000   2068    -0.000001159     11       1.830       0.000 / 63280.000
  104    57.32548   -27.277855572   993.313731682     0.000000000     0.029347355     0.298540146     0.000000000     0.051633572     0.529090678     0.000000000   2073    -0.000001110     11       1.834       0.000 / 63472.000
  105    57.51359   -27.277856108   993.869348200     0.000000000     0.039059517     0.398036543     0.000000000     0.050720988     0.521526669     0.000000000   2079    -0.000001063     11       1.839       0.000 / 63472.000
  106    57.70444   -27.277856627   994.423379120     0.000000000     0.048738278     0.497516957     0.000000000     0.049826860     0.514049358     0.000000000   2085    -0.000001016     11       1.844       0.000 / 63472.000
  107    57.89807   -27.277857131   994.975756948     0.000000000     0.058384473     0.596976454     0.000000000     0.048949786     0.506654747     0.000000000   2092    -0.000000971     11       1.850       0.000 / 63472.000
  108    58.09452   -27.277857620   995.526430894     0.000000000     0.067998798     0.696410628     0.000000000     0.048088565     0.499339705     0.000000000   2100    -0.000000927     11       1.857       0.000 / 63568.000
  109    58.29387   -27.277858093   996.075350977     0.000000000     0.077581818     0.795815205     0.000000000     0.047242096     0.492101176     0.000000000   2108    -0.000000884     11       1.863       0.000 / 63568.000
  110    58.49615   -27.277858550   996.622468021     0.000000000     0.087133981     0.895186034     0.000000000     0.046409369     0.484936136     0.000000000   2116    -0.000000842     11       1.870       0.000 / 63568.000
  111    58.70142   -27.277858992   997.167733713     0.000000000     0.096655626     0.994519080     0.000000000     0.045589461     0.477841555     0.000000000   2124    -0.000000802     11       1.877       0.000 / 63568.000
  112    58.90975   -27.277859419   997.711100691     0.000000000     0.106146993     1.093810425     0.000000000     0.044781530     0.470814384     0.000000000   2133    -0.000000763     11       1.884       0.000 / 63568.000
  113    59.10215   -27.277859795   998.203647813     0.000000000     0.114756297     1.184118084     0.000000000     0.044056717     0.464475079     0.000000000   2142    -0.000000728     11       1.892       0.000 / 63568.000
  114    59.28232   -27.277860131   998.657035659     0.000000000     0.122686209     1.267500533     0.000000000     0.043395284     0.458664052     0.000000000   2151    -0.000000697     11       1.899       0.000 / 63568.000
  115    59.45277   -27.277860435   999.079212198     0.000000000     0.130074856     1.345363244     0.000000000     0.042783933     0.453272616     0.000000000   2160    -0.000000669     11       1.907       0.000 / 63568.000
  116    59.61527   -27.277860713   999.475726862     0.000000000     0.137018661     1.418687918     0.000000000     0.042213439     0.448224826     0.000000000   2170    -0.000000643     11       1.915       0.000 / 63568.000
  117    59.77111   -27.277860970   999.850641922     0.000000000     0.143588221     1.488192425     0.000000000     0.041677045     0.443464962     0.000000000   2181    -0.000000619     11       1.924       0.000 / 63568.000
  118    59.92127   -27.277861208  1000.207038912     0.000000000     0.149837013     1.554422919     0.000000000     0.041169735     0.438950992     0.000000000   2192    -0.000000597     11       1.933       0.000 / 63568.000
  119    60.06652   -27.277861431  1000.547323331     0.000000000     0.155806801     1.617805166     0.000000000     0.040687572     0.434650004     0.000000000   2203    -0.000000576     11       1.942       0.000 / 63568.000
  120    60.20746   -27.277861639  1000.873416610     0.000000000     0.161530935     1.678679274     0.000000000     0.040227430     0.430535730     0.000000000   2214    -0.000000557     11       1.951       0.000 / 63568.000
  121    60.34459   -27.277861835  1001.186883056     0.000000000     0.167036558     1.737322135     0.000000000     0.039786775     0.426586803     0.000000000   2225    -0.000000539     11       1.960       0.000 / 63568.000
  122    60.47832   -27.277862019  1001.489016826     0.000000000     0.172346122     1.793962819     0.000000000     0.039363519     0.422785564     0.000000000   2236    -0.000000521     11       1.969       0.000 / 63680.000
  123    60.60900   -27.277862194  1001.780903350     0.000000000     0.177478449     1.848793435     0.000000000     0.038955920     0.419117225     0.000000000   2247    -0.000000505     11       1.978       0.000 / 63680.000
  124    60.73691   -27.277862359  1002.063463833     0.000000000     0.182449512     1.901977013     0.000000000     0.038562503     0.415569249     0.000000000   2259    -0.000000489     11       1.988       0.000 / 63680.000
  125    60.86231   -27.277862516  1002.337488228     0.000000000     0.187273002     1.953653340     0.000000000     0.038182010     0.412130905     0.000000000   2271    -0.000000474     11       1.997       0.000 / 63680.000
  126    60.98542   -27.277862666  1002.603660124     0.000000000     0.191960767     2.003943365     0.000000000     0.037813355     0.408792921     0.000000000   2283    -0.000000460     11       2.007       0.000 / 63680.000
pushing back another Omega. Omega.size = 6 , operator size = 0.099 MB,  memory usage = 0.000 GB
  127    61.22900   -27.277862951  1003.125474092     0.000000000     0.009210682     0.099574913     0.000000000     0.037092104     0.402320205     0.000000000   2287    -0.000000433     12       2.010       0.000 / 63696.000
  128    61.47651   -27.277863224  1003.644905127     0.000000000     0.018391166     0.199148581     0.000000000     0.036377065     0.395883387     0.000000000   2292    -0.000000407     12       2.015       0.000 / 63696.000
  129    61.72805   -27.277863484  1004.161918684     0.000000000     0.027541066     0.298717107     0.000000000     0.035668101     0.389477825     0.000000000   2297    -0.000000382     12       2.019       0.000 / 63696.000
  130    61.98373   -27.277863732  1004.676484799     0.000000000     0.036660062     0.398276701     0.000000000     0.034965048     0.383099229     0.000000000   2303    -0.000000358     12       2.024       0.000 / 63696.000
  131    62.24368   -27.277863969  1005.188577695     0.000000000     0.045747892     0.497823688     0.000000000     0.034267726     0.376743572     0.000000000   2309    -0.000000336     12       2.029       0.000 / 63696.000
  132    62.50802   -27.277864194  1005.698196070     0.000000000     0.054804343     0.597355263     0.000000000     0.033576170     0.370408522     0.000000000   2317    -0.000000314     12       2.036       0.000 / 63696.000
  133    62.77689   -27.277864408  1006.205304549     0.000000000     0.063829268     0.696867575     0.000000000     0.032889989     0.364089231     0.000000000   2325    -0.000000293     12       2.043       0.000 / 63696.000
  134    63.05044   -27.277864612  1006.709889091     0.000000000     0.072822536     0.796357367     0.000000000     0.032209004     0.357782334     0.000000000   2333    -0.000000274     12       2.050       0.000 / 63696.000
  135    63.32881   -27.277864805  1007.211938799     0.000000000     0.081784054     0.895821503     0.000000000     0.031533042     0.351484627     0.000000000   2341    -0.000000255     12       2.056       0.000 / 63776.000
  136    63.61218   -27.277864988  1007.711445804     0.000000000     0.090713770     0.995256963     0.000000000     0.030861932     0.345193067     0.000000000   2350    -0.000000237     12       2.064       0.000 / 63776.000
  137    63.90072   -27.277865161  1008.208405138     0.000000000     0.099611666     1.094660841     0.000000000     0.030195510     0.338904782     0.000000000   2359    -0.000000220     12       2.072       0.000 / 63776.000
  138    64.16810   -27.277865310  1008.658093774     0.000000000     0.107677679     1.185062179     0.000000000     0.029593469     0.333183364     0.000000000   2368    -0.000000205     12       2.079       0.000 / 63776.000
  139    64.41934   -27.277865441  1009.071468008     0.000000000     0.115104262     1.268539066     0.000000000     0.029040752     0.327896482     0.000000000   2377    -0.000000193     12       2.086       0.000 / 63776.000
  140    64.65784   -27.277865557  1009.455922410     0.000000000     0.122021431     1.346497062     0.000000000     0.028527225     0.322954727     0.000000000   2387    -0.000000181     12       2.095       0.000 / 63776.000
  141    64.88597   -27.277865662  1009.816619073     0.000000000     0.128519985     1.419917943     0.000000000     0.028045825     0.318295736     0.000000000   2397    -0.000000171     12       2.103       0.000 / 63776.000
  142    65.10548   -27.277865757  1010.157335417     0.000000000     0.134666392     1.489520474     0.000000000     0.027591394     0.313873928     0.000000000   2407    -0.000000161     12       2.112       0.000 / 63792.000
  143    65.31769   -27.277865844  1010.480936944     0.000000000     0.140511109     1.555849272     0.000000000     0.027160003     0.309654786     0.000000000   2418    -0.000000153     12       2.120       0.000 / 63792.000
  144    65.52362   -27.277865924  1010.789659615     0.000000000     0.146093479     1.619330875     0.000000000     0.026748628     0.305611445     0.000000000   2429    -0.000000145     12       2.129       0.000 / 63792.000
  145    65.72410   -27.277865998  1011.085288911     0.000000000     0.151444943     1.680305395     0.000000000     0.026354841     0.301722472     0.000000000   2440    -0.000000137     12       2.138       0.000 / 63792.000
  146    65.91981   -27.277866066  1011.369277990     0.000000000     0.156591096     1.739049719     0.000000000     0.025976666     0.297970459     0.000000000   2452    -0.000000131     12       2.148       0.000 / 63792.000
  147    66.11128   -27.277866129  1011.642828639     0.000000000     0.161553111     1.795792902     0.000000000     0.025612472     0.294341042     0.000000000   2464    -0.000000124     12       2.158       0.000 / 63792.000
  148    66.29900   -27.277866189  1011.906948441     0.000000000     0.166348741     1.850727032     0.000000000     0.025260892     0.290822203     0.000000000   2476    -0.000000118     12       2.168       0.000 / 63792.000
  149    66.48336   -27.277866244  1012.162492198     0.000000000     0.170993051     1.904015113     0.000000000     0.024920767     0.287403769     0.000000000   2488    -0.000000113     12       2.177       0.000 / 63792.000
  150    66.66468   -27.277866296  1012.410192611     0.000000000     0.175498954     1.955796899     0.000000000     0.024591107     0.284077043     0.000000000   2500    -0.000000108     12       2.187       0.000 / 63792.000
  151    66.84328   -27.277866345  1012.650683451     0.000000000     0.179877624     2.006193305     0.000000000     0.024271054     0.280834516     0.000000000   2512    -0.000000103     12       2.196       0.000 / 63792.000
pushing back another Omega. Omega.size = 7 , operator size = 0.099 MB,  memory usage = 0.000 GB
  152    67.19804   -27.277866437  1013.122125467     0.000000000     0.008610379     0.099628617     0.000000000     0.023643472     0.274512170     0.000000000   2516    -0.000000093     13       2.199       0.000 / 63824.000
  153    67.56098   -27.277866522  1013.590984288     0.000000000     0.017191387     0.199256688     0.000000000     0.023018459     0.268177284     0.000000000   2521    -0.000000085     13       2.203       0.000 / 63824.000
  154    67.93250   -27.277866601  1014.057265543     0.000000000     0.025742865     0.298881189     0.000000000     0.022396432     0.261827685     0.000000000   2527    -0.000000077     13       2.208       0.000 / 63840.000
  155    68.31304   -27.277866674  1014.520977064     0.000000000     0.034264871     0.398499129     0.000000000     0.021777562     0.255462020     0.000000000   2533    -0.000000069     13       2.213       0.000 / 63840.000
  156    68.70308   -27.277866742  1014.982127788     0.000000000     0.042757587     0.498107543     0.000000000     0.021161884     0.249079443     0.000000000   2539    -0.000000062     13       2.218       0.000 / 63840.000
  157    69.10311   -27.277866804  1015.440727031     0.000000000     0.051221252     0.597703491     0.000000000     0.020549361     0.242679455     0.000000000   2546    -0.000000056     13       2.223       0.000 / 63840.000
  158    69.51371   -27.277866862  1015.896810796     0.000000000     0.059656135     0.697285011     0.000000000     0.019940104     0.236263429     0.000000000   2554    -0.000000050     13       2.229       0.000 / 63840.000
  159    69.93547   -27.277866915  1016.350362909     0.000000000     0.068062523     0.796848596     0.000000000     0.019333830     0.229829734     0.000000000   2562    -0.000000045     13       2.235       0.000 / 63840.000
  160    70.36904   -27.277866963  1016.801392664     0.000000000     0.076440671     0.896391372     0.000000000     0.018730465     0.223378677     0.000000000   2571    -0.000000040     13       2.242       0.000 / 63840.000
  161    70.81515   -27.277867008  1017.249907267     0.000000000     0.084790814     0.995910437     0.000000000     0.018129929     0.216910685     0.000000000   2580    -0.000000035     13       2.249       0.000 / 63840.000
  162    71.27456   -27.277867048  1017.695911709     0.000000000     0.093113164     1.095402847     0.000000000     0.017532145     0.210426310     0.000000000   2589    -0.000000031     13       2.256       0.000 / 63840.000
  163    71.70535   -27.277867081  1018.099233389     0.000000000     0.100658210     1.185875374     0.000000000     0.016990898     0.204513004     0.000000000   2598    -0.000000028     13       2.263       0.000 / 63840.000
  164    72.11478   -27.277867110  1018.469819458     0.000000000     0.107606783     1.269420733     0.000000000     0.016492966     0.199039101     0.000000000   2608    -0.000000025     13       2.271       0.000 / 63840.000
  165    72.50781   -27.277867134  1018.814334783     0.000000000     0.114080185     1.347444610     0.000000000     0.016029495     0.193915960     0.000000000   2618    -0.000000022     13       2.279       0.000 / 63840.000
  166    72.88786   -27.277867155  1019.137429755     0.000000000     0.120163097     1.420928858     0.000000000     0.015594311     0.189081627     0.000000000   2628    -0.000000020     13       2.288       0.000 / 63840.000
  167    73.25748   -27.277867173  1019.442505676     0.000000000     0.125917483     1.490592280     0.000000000     0.015182897     0.184490731     0.000000000   2638    -0.000000018     13       2.296       0.000 / 63840.000
  168    73.61861   -27.277867190  1019.732141287     0.000000000     0.131390337     1.556980317     0.000000000     0.014791835     0.180108836     0.000000000   2648    -0.000000016     13       2.305       0.000 / 63840.000
  169    73.97275   -27.277867204  1020.008347939     0.000000000     0.136618322     1.620518746     0.000000000     0.014418458     0.175909058     0.000000000   2659    -0.000000015     13       2.314       0.000 / 63936.000
  170    74.32114   -27.277867217  1020.272730909     0.000000000     0.141630711     1.681547655     0.000000000     0.014060640     0.171869922     0.000000000   2670    -0.000000013     13       2.323       0.000 / 63936.000
  171    74.66479   -27.277867229  1020.526595805     0.000000000     0.146451336     1.740343086     0.000000000     0.013716641     0.167974016     0.000000000   2682    -0.000000012     13       2.333       0.000 / 63936.000
  172    75.00453   -27.277867239  1020.771021927     0.000000000     0.151099867     1.797134792     0.000000000     0.013385045     0.164206809     0.000000000   2694    -0.000000011     13       2.343       0.000 / 63936.000
  173    75.34108   -27.277867248  1021.006913608     0.000000000     0.155592801     1.852114811     0.000000000     0.013064655     0.160556176     0.000000000   2706    -0.000000010     13       2.352       0.000 / 63936.000
  174    75.67508   -27.277867257  1021.235037561     0.000000000     0.159944132     1.905446087     0.000000000     0.012754458     0.157011823     0.000000000   2718    -0.000000009     13       2.362       0.000 / 63936.000
  175    76.00707   -27.277867265  1021.456050541     0.000000000     0.164165846     1.957268311     0.000000000     0.012453587     0.153564922     0.000000000   2730    -0.000000008     13       2.372       0.000 / 63936.000
  176    76.33752   -27.277867272  1021.670520220     0.000000000     0.168268306     2.007702327     0.000000000     0.012161290     0.150207833     0.000000000   2743    -0.000000008     13       2.382       0.000 / 63936.000
pushing back another Omega. Omega.size = 8 , operator size = 0.099 MB,  memory usage = 0.000 GB
  177    76.83752   -27.277867281  1021.986963718     0.000000000     0.006080645     0.075103916     0.000000000     0.011729396     0.145275005     0.000000000   2747    -0.000000007     14       2.386       0.000 / 63952.000
  178    77.33752   -27.277867289  1022.291420509     0.000000000     0.011945290     0.147739928     0.000000000     0.011312147     0.140504912     0.000000000   2752    -0.000000006     14       2.390       0.000 / 63952.000
  179    77.83752   -27.277867297  1022.584365992     0.000000000     0.017601218     0.217988140     0.000000000     0.010909887     0.135890953     0.000000000   2757    -0.000000005     14       2.394       0.000 / 64032.000
  180    78.33752   -27.277867303  1022.866253056     0.000000000     0.023055889     0.285925567     0.000000000     0.010522268     0.131427986     0.000000000   2763    -0.000000004     14       2.399       0.000 / 64032.000
  181    78.83752   -27.277867308  1023.137515030     0.000000000     0.028316598     0.351626835     0.000000000     0.010148757     0.127111359     0.000000000   2769    -0.000000004     14       2.405       0.000 / 64032.000
  182    79.33752   -27.277867313  1023.398567158     0.000000000     0.033390379     0.415164406     0.000000000     0.009788795     0.122936614     0.000000000   2775    -0.000000003     14       2.410       0.000 / 64032.000
  183    79.83752   -27.277867317  1023.649807584     0.000000000     0.038283992     0.476608652     0.000000000     0.009441842     0.118899409     0.000000000   2781    -0.000000003     14       2.415       0.000 / 64032.000
  184    80.33752   -27.277867321  1023.891618158     0.000000000     0.043003931     0.536027898     0.000000000     0.009107385     0.114995495     0.000000000   2788    -0.000000002     14       2.421       0.000 / 64032.000
  185    80.83752   -27.277867324  1024.124365158     0.000000000     0.047556440     0.593488448     0.000000000     0.008784942     0.111220711     0.000000000   2795    -0.000000002     14       2.427       0.000 / 64032.000
  186    81.33752   -27.277867326  1024.348399974     0.000000000     0.051947523     0.649054620     0.000000000     0.008474055     0.107570985     0.000000000   2802    -0.000000002     14       2.433       0.000 / 64032.000
  187    81.83752   -27.277867329  1024.564059750     0.000000000     0.056182959     0.702788776     0.000000000     0.008174289     0.104042339     0.000000000   2809    -0.000000002     14       2.439       0.000 / 64032.000
  188    82.33752   -27.277867331  1024.771684363     0.000000000     0.060268311     0.754751952     0.000000000     0.007885283     0.100631822     0.000000000   2817    -0.000000001     14       2.445       0.000 / 64032.000
  189    82.83752   -27.277867332  1024.971568265     0.000000000     0.064208967     0.805002662     0.000000000     0.007606596     0.097334479     0.000000000   2825    -0.000000001     14       2.452       0.000 / 64032.000
  190    83.33752   -27.277867334  1025.164010191     0.000000000     0.068010090     0.853597502     0.000000000     0.007337838     0.094146788     0.000000000   2834    -0.000000001     14       2.459       0.000 / 64032.000
  191    83.83752   -27.277867335  1025.349296399     0.000000000     0.071676652     0.900591347     0.000000000     0.007078644     0.091065237     0.000000000   2843    -0.000000001     14       2.467       0.000 / 64032.000
  192    84.33752   -27.277867336  1025.527701498     0.000000000     0.075213445     0.946037349     0.000000000     0.006828666     0.088086380     0.000000000   2852    -0.000000001     14       2.474       0.000 / 64032.000
  193    84.83752   -27.277867337  1025.699489048     0.000000000     0.078625086     0.989986966     0.000000000     0.006587571     0.085206857     0.000000000   2861    -0.000000001     14       2.482       0.000 / 64032.000
  194    85.33752   -27.277867338  1025.864912074     0.000000000     0.081916027     1.032489999     0.000000000     0.006355038     0.082423401     0.000000000   2870    -0.000000001     14       2.489       0.000 / 64032.000
  195    85.83752   -27.277867339  1026.024213520     0.000000000     0.085090559     1.073594635     0.000000000     0.006130758     0.079732842     0.000000000   2879    -0.000000001     14       2.497       0.000 / 64032.000
  196    86.33752   -27.277867340  1026.177626675     0.000000000     0.088152821     1.113347486     0.000000000     0.005914436     0.077132107     0.000000000   2888    -0.000000000     14       2.504       0.000 / 64032.000
  197    86.83752   -27.277867340  1026.325375578     0.000000000     0.091106800     1.151793641     0.000000000     0.005705784     0.074618218     0.000000000   2897    -0.000000000     14       2.512       0.000 / 64032.000
  198    87.33752   -27.277867341  1026.467675404     0.000000000     0.093956345     1.188976702     0.000000000     0.005504528     0.072188292     0.000000000   2907    -0.000000000     14       2.520       0.000 / 64032.000
  199    87.83752   -27.277867341  1026.604732832     0.000000000     0.096705162     1.224938836     0.000000000     0.005310403     0.069839540     0.000000000   2917    -0.000000000     14       2.528       0.000 / 64032.000
  200    88.33752   -27.277867341  1026.736746394     0.000000000     0.099356829     1.259720814     0.000000000     0.005123153     0.067569262     0.000000000   2927    -0.000000000     14       2.537       0.000 / 64032.000
  201    88.83752   -27.277867342  1026.863906815     0.000000000     0.101914792     1.293362054     0.000000000     0.004942533     0.065374849     0.000000000   2937    -0.000000000     14       2.545       0.000 / 64048.000
  202    89.33752   -27.277867342  1026.986397332     0.000000000     0.104382376     1.325900667     0.000000000     0.004768305     0.063253776     0.000000000   2947    -0.000000000     14       2.553       0.000 / 64048.000
  203    89.83752   -27.277867342  1027.104394004     0.000000000     0.106762787     1.357373493     0.000000000     0.004600241     0.061203603     0.000000000   2957    -0.000000000     14       2.562       0.000 / 64048.000
  204    90.33752   -27.277867342  1027.218066003     0.000000000     0.109059117     1.387816146     0.000000000     0.004438121     0.059221973     0.000000000   2967    -0.000000000     14       2.570       0.000 / 64048.000
  205    90.83752   -27.277867343  1027.327575899     0.000000000     0.111274345     1.417263051     0.000000000     0.004281733     0.057306605     0.000000000   2977    -0.000000000     14       2.578       0.000 / 64048.000
  206    91.33752   -27.277867343  1027.433079928     0.000000000     0.113411346     1.445747485     0.000000000     0.004130874     0.055455298     0.000000000   2987    -0.000000000     14       2.587       0.000 / 64048.000
  207    91.83752   -27.277867343  1027.534728250     0.000000000     0.115472892     1.473301610     0.000000000     0.003985345     0.053665925     0.000000000   2997    -0.000000000     14       2.595       0.000 / 64048.000
  208    92.33752   -27.277867343  1027.632665196     0.000000000     0.117461656     1.499956514     0.000000000     0.003844958     0.051936430     0.000000000   3007    -0.000000000     14       2.603       0.000 / 64048.000
  209    92.83752   -27.277867343  1027.727029505     0.000000000     0.119380216     1.525742245     0.000000000     0.003709530     0.050264826     0.000000000   3017    -0.000000000     14       2.612       0.000 / 64048.000
  210    93.33752   -27.277867343  1027.817954551     0.000000000     0.121231058     1.550687843     0.000000000     0.003578884     0.048649197     0.000000000   3028    -0.000000000     14       2.621       0.000 / 64048.000
  211    93.83752   -27.277867343  1027.905568556     0.000000000     0.123016579     1.574821376     0.000000000     0.003452850     0.047087688     0.000000000   3039    -0.000000000     14       2.630       0.000 / 64048.000
  212    94.33752   -27.277867343  1027.989994804     0.000000000     0.124739091     1.598169972     0.000000000     0.003331266     0.045578509     0.000000000   3050    -0.000000000     14       2.639       0.000 / 64048.000
  213    94.83752   -27.277867343  1028.071351833     0.000000000     0.126400824     1.620759851     0.000000000     0.003213972     0.044119933     0.000000000   3061    -0.000000000     14       2.648       0.000 / 64048.000
  214    95.33752   -27.277867343  1028.149753631     0.000000000     0.128003928     1.642616352     0.000000000     0.003100818     0.042710288     0.000000000   3072    -0.000000000     14       2.658       0.000 / 64048.000
  215    95.83752   -27.277867343  1028.225309732     0.000000000     0.129550481     1.663763466     0.000000000     0.002991655     0.041347970     0.000000000   3084    -0.000000000     14       2.667       0.000 / 64048.000
  216    96.33752   -27.277867343  1028.298125535     0.000000000     0.131042480     1.684225319     0.000000000     0.002886342     0.040031396     0.000000000   3096    -0.000000000     14       2.677       0.000 / 64048.000
  217    96.83752   -27.277867343  1028.368302473     0.000000000     0.132481853     1.704024785     0.000000000     0.002784743     0.038759080     0.000000000   3108    -0.000000000     14       2.687       0.000 / 64144.000
  218    97.33752   -27.277867343  1028.435938094     0.000000000     0.133870461     1.723183980     0.000000000     0.002686727     0.037529571     0.000000000   3120    -0.000000000     14       2.697       0.000 / 64144.000
  219    97.83752   -27.277867343  1028.501126226     0.000000000     0.135210098     1.741724279     0.000000000     0.002592167     0.036341463     0.000000000   3132    -0.000000000     14       2.706       0.000 / 64144.000
  220    98.33752   -27.277867343  1028.563957126     0.000000000     0.136502496     1.759666337     0.000000000     0.002500942     0.035193398     0.000000000   3144    -0.000000000     14       2.716       0.000 / 64144.000
  221    98.83752   -27.277867343  1028.624517621     0.000000000     0.137749325     1.777030118     0.000000000     0.002412932     0.034084062     0.000000000   3156    -0.000000000     14       2.726       0.000 / 64144.000
  222    99.33752   -27.277867343  1028.682891248     0.000000000     0.138952193     1.793834915     0.000000000     0.002328024     0.033012187     0.000000000   3168    -0.000000000     14       2.736       0.000 / 64272.000
  223    99.83752   -27.277867344  1028.739158381     0.000000000     0.140112656     1.810099373     0.000000000     0.002246109     0.031976548     0.000000000   3180    -0.000000000     14       2.745       0.000 / 64272.000
  224   100.00000   -27.277867344  1028.756778588     0.000000000     0.140476453     1.815214571     0.000000000     0.002220429     0.031651107     0.000000000   3191    -0.000000000     14       2.754       0.000 / 64368.000
/Users/wolf/work/imsrg/src/ModelSpace.cc line 1415 Changing emax from 0 to 1  and updating six_j_cache_2b_ ... 
DONE ALLOCATING PN 3-body, size of MatEl is 282  ->  0.000 GB
Constructing EOM configurations for J2=0 parity=0 itz=0
dimension EOM qv: 0 3
dimension EOM ph: 4 5
dimension EOM ppvv: 6 395
dimension EOM pphv: 396 671
dimension EOM pphh: 672 737
Total dimension of EOM: 738
start three body norm 
zero-body contribution to norm: 0.000
one-body contribution to norm: 3.707
two-body contribution to norm: -16.280
three-body contribution to norm: 0.000
In  RandomOp  norm of 1b : 14.280   norm of 2b 899.989
In  RandomOp  norm of 1b : 23.899   norm of 2b 884.129
Begin AllocateThreeBody() in /Users/wolf/work/imsrg/src/ThreeBodyStorage_iso.cc with E3max = 9 norbits = 20
Allocated 985810 three body matrix elements (0.004 GB), 
  number of buckets in hash table: 20753  and load factor = 0.590  estimated storage ~ 0.000 GB
zero-body contribution to norm: 98.351
one-body contribution to norm: 132.163
two-body contribution to norm: -96.730
three-body contribution to norm: 11.585
Begin AllocateThreeBody() in /Users/wolf/work/imsrg/src/ThreeBodyStorage_iso.cc with E3max = 9 norbits = 20
Allocated 985810 three body matrix elements (0.004 GB), 
  number of buckets in hash table: 20753  and load factor = 0.590  estimated storage ~ 0.000 GB
zero-body contribution to norm: 98.351
one-body contribution to norm: 132.163
two-body contribution to norm: -96.730
three-body contribution to norm: 11.585
Begin AllocateThreeBody() in /Users/wolf/work/imsrg/src/ThreeBodyStorage_iso.cc with E3max = 9 norbits = 20
Allocated 985810 three body matrix elements (0.004 GB), 
  number of buckets in hash table: 20753  and load factor = 0.590  estimated storage ~ 0.000 GB
zero-body contribution to norm: 97.394
one-body contribution to norm: 79.810
two-body contribution to norm: -41.960
three-body contribution to norm: 10.125
Begin AllocateThreeBody() in /Users/wolf/work/imsrg/src/ThreeBodyStorage_iso.cc with E3max = 9 norbits = 20
Allocated 985810 three body matrix elements (0.004 GB), 
  number of buckets in hash table: 20753  and load factor = 0.590  estimated storage ~ 0.000 GB
zero-body contribution to norm: 6761.969
one-body contribution to norm: 6423.133
two-body contribution to norm: -699.065
three-body contribution to norm: 50.170
Begin AllocateThreeBody() in /Users/wolf/work/imsrg/src/ThreeBodyStorage_iso.cc with E3max = 9 norbits = 20
Allocated 985810 three body matrix elements (0.004 GB), 
  number of buckets in hash table: 20753  and load factor = 0.590  estimated storage ~ 0.000 GB
comm233_phss
zero-body contribution to norm: 0.000
one-body contribution to norm: 1297.128
two-body contribution to norm: 3249.584
three-body contribution to norm: -388.209
Begin AllocateThreeBody() in /Users/wolf/work/imsrg/src/ThreeBodyStorage_iso.cc with E3max = 9 norbits = 20
Allocated 985810 three body matrix elements (0.004 GB), 
  number of buckets in hash table: 20753  and load factor = 0.590  estimated storage ~ 0.000 GB
zero-body contribution to norm: 6761.969
one-body contribution to norm: 6743.188
two-body contribution to norm: 410.289
three-body contribution to norm: 465.288
Begin AllocateThreeBody() in /Users/wolf/work/imsrg/src/ThreeBodyStorage_iso.cc with E3max = 9 norbits = 20
Allocated 985810 three body matrix elements (0.004 GB), 
  number of buckets in hash table: 20753  and load factor = 0.590  estimated storage ~ 0.000 GB
comm233_phss
zero-body contribution to norm: 0.000
one-body contribution to norm: 977.073
two-body contribution to norm: 2352.838
three-body contribution to norm: -1011.791
reference energy:  -12.572326976799982 vs [ -4.19234292  9.75174484 ] in nmax2 for he6_2
original py ab:  72.68467861208664
original py ba:  72.68467861208666
original c++ ab:  72.68467861208669
original c++ ba:  72.68467861208673
enorm before:  199.42489568595002
original c++ ab proj :  72.68467869281218
python ab proj :  72.68467869281214
enorm after:  100.62525503463071
threebody norm:  561330934.3636318
hab:  6268.10370324682 h3ab:  2079.251625997446
hab+h3ab:  8347.355329244267
threebody norm:  623486891.1817534
hba:  7190.366925309915 h3ba:  1159.060218623935
hba+h3ba:  8349.42714393385
